-1.533909291028976440e-01
-1.537698954343795776e-01
-1.174973621964454651e-01
-1.287620812654495239e-01
-1.737800687551498413e-01
-1.439084559679031372e-01
4.669654965400695801e-01
1.047517418861389160e+00
1.045350909233093262e+00
1.013572216033935547e+00
1.137275338172912598e+00
9.988593459129333496e-01
1.102277636528015137e+00
1.084697127342224121e+00
1.022880792617797852e+00
1.060230135917663574e+00
1.643007159233093262e+00
2.221591949462890625e+00
2.146167993545532227e+00
2.069310903549194336e+00
2.151086091995239258e+00
2.079782724380493164e+00
2.015922069549560547e+00
2.066956520080566406e+00
2.593519687652587891e+00
3.203063249588012695e+00
3.325191736221313477e+00
3.049468517303466797e+00
3.550217866897583008e+00
4.173233509063720703e+00
4.014948368072509766e+00
3.943678617477416992e+00
4.081466197967529297e+00
3.953656196594238281e+00
3.892026662826538086e+00
4.042770862579345703e+00
4.214216232299804688e+00
3.692126750946044922e+00
1.514492988586425781e+00
-3.810648918151855469e-01
-3.327405750751495361e-01
4.590717330574989319e-02
-7.027953863143920898e-02
-1.134117767214775085e-01
-1.889650672674179077e-01
-2.014166563749313354e-01
-1.845370084047317505e-01
-1.845146268606185913e-01
-1.551741510629653931e-01
-1.685201078653335571e-01
-3.906758502125740051e-02
-7.681299746036529541e-02
-6.049045547842979431e-02
-6.029334664344787598e-02
-1.313017755746841431e-01
-8.082249760627746582e-02
4.534178674221038818e-01
1.001598477363586426e+00
1.006967782974243164e+00
1.012701392173767090e+00
1.112219095230102539e+00
9.957497715950012207e-01
1.068473935127258301e+00
1.078176856040954590e+00
1.020136713981628418e+00
1.043254613876342773e+00
1.545485019683837891e+00
2.050520420074462891e+00
2.018861055374145508e+00
2.993797063827514648e+00
3.020642757415771484e+00
3.913243055343627930e+00
3.950396776199340820e+00
5.205511093139648438e+00
5.162092685699462891e+00
4.879086494445800781e+00
5.196385383605957031e+00
5.750728607177734375e+00
5.811564445495605469e+00
5.739748954772949219e+00
6.003884315490722656e+00
5.870375156402587891e+00
5.814252853393554688e+00
5.945902824401855469e+00
6.125718116760253906e+00
5.259335994720458984e+00
1.749029636383056641e+00
-3.894390761852264404e-01
-1.654927432537078857e-01
9.254940748214721680e-01
1.076020479202270508e+00
1.192080736160278320e+00
1.081188201904296875e+00
1.024440646171569824e+00
1.102729678153991699e+00
1.004312753677368164e+00
1.084199190139770508e+00
1.035071253776550293e+00
1.083204984664916992e+00
1.062815189361572266e+00
1.095944881439208984e+00
1.036751389503479004e+00
1.664542436599731445e+00
2.311765909194946289e+00
2.170964717864990234e+00
2.047413110733032227e+00
2.272331237792968750e+00
2.118072748184204102e+00
2.048295974731445312e+00
2.034647226333618164e+00
2.590406417846679688e+00
3.155638694763183594e+00
3.097130775451660156e+00
3.001779556274414062e+00
3.544142007827758789e+00
4.159133434295654297e+00
4.166293621063232422e+00
4.030642032623291016e+00
3.987373352050781250e+00
3.939478158950805664e+00
4.277108669281005859e+00
4.760603904724121094e+00
5.126047611236572266e+00
6.795599460601806641e+00
7.056000232696533203e+00
6.875998020172119141e+00
6.825520038604736328e+00
6.699391365051269531e+00
6.898187160491943359e+00
6.781949520111083984e+00
6.878247737884521484e+00
6.976779937744140625e+00
7.327375888824462891e+00
6.440093517303466797e+00
2.035145759582519531e+00
-4.123648405075073242e-01
-2.035029232501983643e-01
8.409839272499084473e-01
1.018354296684265137e+00
1.178324580192565918e+00
1.061847448348999023e+00
1.016791224479675293e+00
1.118357539176940918e+00
1.008580088615417480e+00
1.078184366226196289e+00
1.044597864151000977e+00
1.054626226425170898e+00
1.023679494857788086e+00
1.063341856002807617e+00
1.074908971786499023e+00
1.021805286407470703e+00
9.830201268196105957e-01
1.626538634300231934e+00
2.260219097137451172e+00
2.153868913650512695e+00
2.058687448501586914e+00
2.179054737091064453e+00
2.045325040817260742e+00
2.493047475814819336e+00
2.997534990310668945e+00
2.906868457794189453e+00
4.112465858459472656e+00
4.041678428649902344e+00
3.901129007339477539e+00
4.008758544921875000e+00
3.921271324157714844e+00
3.939942121505737305e+00
3.966825962066650391e+00
4.369387149810791016e+00
4.903810977935791016e+00
5.001199722290039062e+00
4.940401554107666016e+00
5.048758029937744141e+00
4.984776020050048828e+00
5.011088371276855469e+00
4.988868236541748047e+00
4.922898292541503906e+00
4.981051445007324219e+00
4.897539615631103516e+00
4.993773460388183594e+00
5.284739017486572266e+00
4.680224418640136719e+00
1.432363390922546387e+00
-5.611435770988464355e-01
-4.520194530487060547e-01
1.387595534324645996e+00
1.196524500846862793e+00
9.950414896011352539e-01
8.767700791358947754e-01
1.000810980796813965e+00
1.074126005172729492e+00
1.021120429039001465e+00
1.073364615440368652e+00
1.074956893920898438e+00
1.035674095153808594e+00
1.057879567146301270e+00
1.034453272819519043e+00
1.064294934272766113e+00
1.044604301452636719e+00
1.067324519157409668e+00
1.072767615318298340e+00
1.081890940666198730e+00
1.075516343116760254e+00
1.102512836456298828e+00
1.053646802902221680e+00
1.030089020729064941e+00
1.678236603736877441e+00
2.439483165740966797e+00
2.253306865692138672e+00
2.108366012573242188e+00
2.249513626098632812e+00
2.063686132431030273e+00
2.048713922500610352e+00
2.036154985427856445e+00
2.018603086471557617e+00
2.023020744323730469e+00
2.054606676101684570e+00
2.032593727111816406e+00
2.042906522750854492e+00
2.038510322570800781e+00
2.071424007415771484e+00
2.030255079269409180e+00
2.078063726425170898e+00
2.035187482833862305e+00
2.040924072265625000e+00
2.025227308273315430e+00
2.008445024490356445e+00
2.078184127807617188e+00
2.170550823211669922e+00
1.884231567382812500e+00
6.873895525932312012e-01
-3.283366262912750244e-01
-1.797864437103271484e-01
4.215480759739875793e-02
-1.206559613347053528e-01
-9.553442895412445068e-02
-2.075568735599517822e-01
-1.848914772272109985e-01
-1.880009323358535767e-01
-1.793033331632614136e-01
-1.434130072593688965e-01
-1.774501800537109375e-01
-1.194264292716979980e-01
-1.671007722616195679e-01
-9.094625711441040039e-02
-1.005377396941184998e-01
-3.963100723922252655e-03
1.163638662546873093e-02
-1.661358214914798737e-02
-9.494196623563766479e-02
-5.779290571808815002e-02
-5.314162746071815491e-02
-1.522098928689956665e-01
-1.106228902935981750e-01
4.230647683143615723e-01
1.010075092315673828e+00
1.019862413406372070e+00
1.013932585716247559e+00
9.870693683624267578e-01
9.998262524604797363e-01
1.019934773445129395e+00
1.036113262176513672e+00
1.625307679176330566e+00
2.215577602386474609e+00
2.119299888610839844e+00
2.053027629852294922e+00
2.665311336517333984e+00
3.218067169189453125e+00
3.106164693832397461e+00
3.021476507186889648e+00
3.530815601348876953e+00
4.122437953948974609e+00
3.933266639709472656e+00
3.935823440551757812e+00
4.344367980957031250e+00
5.056750774383544922e+00
5.990625381469726562e+00
4.623327732086181641e+00
1.251055598258972168e+00
-5.287232995033264160e-01
-4.502864480018615723e-01
1.046998947858810425e-01
-6.866843439638614655e-03
-8.057314902544021606e-02
-2.096257805824279785e-01
-1.683202385902404785e-01
-1.791720837354660034e-01
-1.993736922740936279e-01
3.893063068389892578e-01
1.089873552322387695e+00
1.093901753425598145e+00
9.975933432579040527e-01
1.173586845397949219e+00
1.023091673851013184e+00
1.079041600227355957e+00
1.042612671852111816e+00
1.038659691810607910e+00
1.027823925018310547e+00
1.048294425010681152e+00
1.077117800712585449e+00
1.016488671302795410e+00
1.060757637023925781e+00
1.600221753120422363e+00
2.188339471817016602e+00
2.114525079727172852e+00
2.063943624496459961e+00
2.074246883392333984e+00
2.050836086273193359e+00
2.594475746154785156e+00
3.239004611968994141e+00
3.014549970626831055e+00
3.018868684768676758e+00
3.457245826721191406e+00
3.917809963226318359e+00
4.117993354797363281e+00
5.110721588134765625e+00
4.992190837860107422e+00
4.843930244445800781e+00
5.083365440368652344e+00
4.951022624969482422e+00
4.958905220031738281e+00
4.930726528167724609e+00
4.887920856475830078e+00
5.025066375732421875e+00
5.258329868316650391e+00
4.675643444061279297e+00
1.446707367897033691e+00
-5.653451681137084961e-01
-4.442948102951049805e-01
1.241031736135482788e-01
-8.264125324785709381e-03
-1.143857985734939575e-01
-1.753501296043395996e-01
-1.637620925903320312e-01
-1.371514499187469482e-01
-1.669703274965286255e-01
-1.606781035661697388e-01
-1.593604832887649536e-01
-5.719411745667457581e-02
-8.744177967309951782e-02
-8.343309164047241211e-02
-9.519131481647491455e-02
-9.940376132726669312e-02
-5.377107858657836914e-02
-1.610567420721054077e-01
-1.017072498798370361e-01
1.023866534233093262e+00
2.065793514251708984e+00
2.012860536575317383e+00
2.912517070770263672e+00
3.078785181045532227e+00
4.053579330444335938e+00
4.140542030334472656e+00
3.949950218200683594e+00
4.251383304595947266e+00
4.961112022399902344e+00
5.080832004547119141e+00
4.801723003387451172e+00
4.942953586578369141e+00
4.890628814697265625e+00
4.880839347839355469e+00
4.938821792602539062e+00
4.898883819580078125e+00
4.989367961883544922e+00
4.918560028076171875e+00
4.942426681518554688e+00
4.933934211730957031e+00
4.952340126037597656e+00
4.934409141540527344e+00
4.942283630371093750e+00
4.906945228576660156e+00
4.995984554290771484e+00
5.212615489959716797e+00
4.577052593231201172e+00
1.574185967445373535e+00
-3.199371993541717529e-01
-5.741896852850914001e-02
6.924864649772644043e-01
1.025123357772827148e+00
2.353410720825195312e+00
2.241033792495727539e+00
1.935923337936401367e+00
2.090892314910888672e+00
1.977833271026611328e+00
2.040337324142456055e+00
1.906481623649597168e+00
2.332309007644653320e+00
2.840188264846801758e+00
3.070879220962524414e+00
4.007174015045166016e+00
4.174252986907958984e+00
3.947899103164672852e+00
4.101651668548583984e+00
4.078238010406494141e+00
4.448533058166503906e+00
4.837910175323486328e+00
5.318314075469970703e+00
5.912737846374511719e+00
5.977059841156005859e+00
6.941478729248046875e+00
7.295715808868408203e+00
7.013912200927734375e+00
6.996421337127685547e+00
7.026140689849853516e+00
7.128303527832031250e+00
7.084500312805175781e+00
6.989739894866943359e+00
7.048153877258300781e+00
6.882731914520263672e+00
6.930778026580810547e+00
6.874273777008056641e+00
6.907453060150146484e+00
6.874820232391357422e+00
6.930772781372070312e+00
6.933475971221923828e+00
7.022349357604980469e+00
6.877877235412597656e+00
6.902668952941894531e+00
6.846349716186523438e+00
7.085444927215576172e+00
7.685855388641357422e+00
6.983589649200439453e+00
2.245765209197998047e+00
-4.580813050270080566e-01
-5.118706226348876953e-01
9.060865640640258789e-02
2.214265018701553345e-01
1.369334012269973755e-01
4.370247572660446167e-02
-1.963948365300893784e-03
-7.462062872946262360e-03
-7.901753485202789307e-02
-1.171677112579345703e-01
-1.231169849634170532e-01
-9.007395058870315552e-02
-1.297482699155807495e-01
-1.240418553352355957e-01
-1.177269145846366882e-01
-9.174118191003799438e-02
-5.661528185009956360e-02
-1.348262131214141846e-01
-8.982086926698684692e-02
4.673160612583160400e-01
1.041671991348266602e+00
1.043440580368041992e+00
1.032995700836181641e+00
1.135613799095153809e+00
1.024387717247009277e+00
1.089199423789978027e+00
1.067064285278320312e+00
1.057141542434692383e+00
1.071147918701171875e+00
1.048035621643066406e+00
1.143576741218566895e+00
1.503617167472839355e+00
2.010610342025756836e+00
2.183401346206665039e+00
3.183897733688354492e+00
3.081629037857055664e+00
2.988458871841430664e+00
3.082908868789672852e+00
2.975835561752319336e+00
3.057606935501098633e+00
2.983956575393676758e+00
2.978250741958618164e+00
2.971075057983398438e+00
2.957108259201049805e+00
3.064528465270996094e+00
3.058150291442871094e+00
2.626355886459350586e+00
1.554367303848266602e+00
1.368853926658630371e+00
2.045934677124023438e+00
2.245290517807006836e+00
1.873660326004028320e+00
1.695866107940673828e+00
1.708538055419921875e+00
2.712995052337646484e+00
2.449737787246704102e+00
2.489724874496459961e+00
2.719746112823486328e+00
2.659089088439941406e+00
2.865531921386718750e+00
2.808715581893920898e+00
2.933987379074096680e+00
2.911779165267944336e+00
3.427759647369384766e+00
3.904191255569458008e+00
3.923789739608764648e+00
3.927024126052856445e+00
4.075502872467041016e+00
3.988159179687500000e+00
4.556554794311523438e+00
5.156950473785400391e+00
5.285442352294921875e+00
6.145812511444091797e+00
6.254239082336425781e+00
5.917049407958984375e+00
6.012145996093750000e+00
5.911701679229736328e+00
5.935697078704833984e+00
5.911809444427490234e+00
5.886417865753173828e+00
5.903545379638671875e+00
5.886714458465576172e+00
5.923536300659179688e+00
5.891459941864013672e+00
5.912236213684082031e+00
5.934441089630126953e+00
5.953257560729980469e+00
5.945127964019775391e+00
5.955176353454589844e+00
6.279241085052490234e+00
7.018738746643066406e+00
7.107048034667968750e+00
7.119656085968017578e+00
8.124273300170898438e+00
7.666669368743896484e+00
2.726907491683959961e+00
-1.225340962409973145e-01
-2.396936863660812378e-01
4.608984291553497314e-02
-6.024776026606559753e-02
5.685559511184692383e-01
1.035705327987670898e+00
1.005144000053405762e+00
1.094375491142272949e+00
1.018970608711242676e+00
1.053493618965148926e+00
1.076489686965942383e+00
1.038337826728820801e+00
1.097861170768737793e+00
1.042553544044494629e+00
1.065022468566894531e+00
1.077163219451904297e+00
1.103508353233337402e+00
1.042968034744262695e+00
1.011603951454162598e+00
1.656235337257385254e+00
2.382638931274414062e+00
2.173027276992797852e+00
2.107967853546142578e+00
2.284072399139404297e+00
2.082861661911010742e+00
2.065977811813354492e+00
2.038842678070068359e+00
2.033082723617553711e+00
2.017657995223999023e+00
2.047726869583129883e+00
2.047501087188720703e+00
2.000430583953857422e+00
2.034777164459228516e+00
2.488805055618286133e+00
2.946274280548095703e+00
3.040655374526977539e+00
4.056215763092041016e+00
4.084817409515380859e+00
3.935262680053710938e+00
4.097101211547851562e+00
3.946913480758666992e+00
3.978739500045776367e+00
3.947525262832641602e+00
4.206368923187255859e+00
4.733922958374023438e+00
5.366364479064941406e+00
5.317342281341552734e+00
1.930998325347900391e+00
-6.073949337005615234e-01
-6.928347349166870117e-01
1.136822819709777832e+00
1.157163023948669434e+00
1.009930849075317383e+00
8.709833621978759766e-01
1.009686589241027832e+00
1.016930580139160156e+00
1.009788274765014648e+00
1.067147850990295410e+00
1.084205627441406250e+00
1.045885801315307617e+00
1.097437977790832520e+00
1.027718782424926758e+00
9.692638516426086426e-01
1.607920527458190918e+00
2.431505680084228516e+00
2.142489910125732422e+00
2.051134347915649414e+00
2.259557485580444336e+00
2.050972223281860352e+00
2.055827379226684570e+00
2.026779174804687500e+00
2.024005413055419922e+00
2.004767894744873047e+00
2.017802953720092773e+00
2.025568962097167969e+00
2.015573024749755859e+00
2.015387773513793945e+00
2.032677650451660156e+00
2.045089721679687500e+00
2.004394054412841797e+00
2.042992115020751953e+00
2.581012964248657227e+00
3.131875038146972656e+00
3.194815635681152344e+00
3.022735357284545898e+00
3.107411146163940430e+00
2.975656032562255859e+00
3.040836095809936523e+00
3.021867990493774414e+00
2.972876310348510742e+00
2.982211351394653320e+00
3.431212186813354492e+00
4.069058895111083984e+00
4.722747802734375000e+00
3.694887399673461914e+00
9.487807750701904297e-01
-5.142390131950378418e-01
-4.594016075134277344e-01
2.142692729830741882e-02
-8.664280176162719727e-02
-1.524608582258224487e-01
-2.081321328878402710e-01
-1.887243092060089111e-01
-1.353033334016799927e-01
-1.657918989658355713e-01
-1.671638786792755127e-01
-1.614456176757812500e-01
-4.130326583981513977e-02
-7.364839315414428711e-02
-7.916337996721267700e-02
-7.809574902057647705e-02
-7.013709843158721924e-02
-8.506982028484344482e-02
-1.066356152296066284e-01
-9.481867402791976929e-02
-1.215665563941001892e-01
-1.131723225116729736e-01
-1.291231960058212280e-01
-1.106715574860572815e-01
-1.153200790286064148e-01
-8.890882134437561035e-02
-9.522975981235504150e-02
-4.516594856977462769e-02
-1.168740764260292053e-01
-9.038753807544708252e-02
4.699774384498596191e-01
1.113150596618652344e+00
1.059209704399108887e+00
1.061359405517578125e+00
1.177736043930053711e+00
1.029590845108032227e+00
1.041110396385192871e+00
1.103412628173828125e+00
1.433836102485656738e+00
1.862838983535766602e+00
1.978320002555847168e+00
3.053002357482910156e+00
3.162785291671752930e+00
3.002402067184448242e+00
2.953453540802001953e+00
3.132941961288452148e+00
4.481996536254882812e+00
4.604446411132812500e+00
1.757428884506225586e+00
-5.410463213920593262e-01
-6.103063225746154785e-01
1.440341919660568237e-01
-7.456774264574050903e-02
-1.063330620527267456e-01
-1.709064990282058716e-01
-1.819140911102294922e-01
-1.430697292089462280e-01
-2.011389136314392090e-01
-9.510954469442367554e-02
-1.409505307674407959e-01
-3.404561057686805725e-02
-1.146087050437927246e-01
5.515710115432739258e-01
1.167913317680358887e+00
1.078896880149841309e+00
1.002314329147338867e+00
1.212076783180236816e+00
1.079871535301208496e+00
1.098657608032226562e+00
1.027142047882080078e+00
1.588749647140502930e+00
2.243630886077880859e+00
2.282293081283569336e+00
2.089744567871093750e+00
2.113885402679443359e+00
2.061631917953491211e+00
2.569962739944458008e+00
3.177429437637329102e+00
3.083175182342529297e+00
3.074686765670776367e+00
3.004608154296875000e+00
3.049566030502319336e+00
4.019631862640380859e+00
5.050808906555175781e+00
5.066626071929931641e+00
4.953637123107910156e+00
5.088244915008544922e+00
4.902673721313476562e+00
5.216292381286621094e+00
6.008146762847900391e+00
6.308597087860107422e+00
6.180477142333984375e+00
6.003333091735839844e+00
5.940631389617919922e+00
6.513388633728027344e+00
5.864346027374267578e+00
1.853994250297546387e+00
-5.440291762351989746e-01
-4.349103569984436035e-01
1.682813018560409546e-01
4.928754642605781555e-02
-7.134100049734115601e-02
-1.631164103746414185e-01
-1.435072720050811768e-01
-1.085927560925483704e-01
-1.592003554105758667e-01
-1.637151986360549927e-01
-1.548946350812911987e-01
-3.547436743974685669e-02
-7.418455928564071655e-02
-8.811421692371368408e-02
-9.308005869388580322e-02
-7.730844616889953613e-02
-3.187806578353047371e-03
-7.361983507871627808e-02
-5.456032231450080872e-02
4.679372310638427734e-01
1.104239702224731445e+00
1.192577719688415527e+00
1.015167593955993652e+00
1.069644212722778320e+00
1.025925874710083008e+00
1.530928134918212891e+00
2.035915374755859375e+00
2.081243753433227539e+00
3.116130113601684570e+00
3.096368074417114258e+00
2.977818965911865234e+00
3.056506872177124023e+00
3.021854400634765625e+00
2.938651561737060547e+00
3.052891254425048828e+00
4.050740242004394531e+00
5.039515018463134766e+00
5.238895416259765625e+00
5.001850605010986328e+00
4.933056831359863281e+00
4.896272182464599609e+00
5.738578796386718750e+00
6.918039321899414062e+00
7.091803073883056641e+00
7.119048118591308594e+00
8.272526741027832031e+00
7.382910728454589844e+00
2.658020734786987305e+00
-7.511518597602844238e-01
-8.363155126571655273e-01
1.820459812879562378e-01
1.227394770830869675e-02
-2.070469856262207031e-01
-2.395283728837966919e-01
-1.914541423320770264e-01
-3.980962187051773071e-02
-1.671718209981918335e-01
-1.699289083480834961e-01
-1.439912021160125732e-01
-1.876636594533920288e-01
-1.818711012601852417e-01
3.785764575004577637e-01
8.829689025878906250e-01
8.851685523986816406e-01
2.027963161468505859e+00
2.098096847534179688e+00
1.978901147842407227e+00
2.152620077133178711e+00
2.002870082855224609e+00
2.022031068801879883e+00
2.007915258407592773e+00
2.470960617065429688e+00
2.970616102218627930e+00
3.007525444030761719e+00
2.963150024414062500e+00
3.083412408828735352e+00
3.039911508560180664e+00
3.057892322540283203e+00
3.042608022689819336e+00
3.031537294387817383e+00
3.078117847442626953e+00
3.023890972137451172e+00
3.011061906814575195e+00
2.926402330398559570e+00
3.035274267196655273e+00
4.023262500762939453e+00
4.948630809783935547e+00
4.873089313507080078e+00
5.814049243927001953e+00
6.051759719848632812e+00
6.010035991668701172e+00
5.972575187683105469e+00
6.046998023986816406e+00
6.627363204956054688e+00
5.798235893249511719e+00
1.863642334938049316e+00
-4.808125793933868408e-01
-4.167178571224212646e-01
1.783169806003570557e-01
3.712050616741180420e-02
-7.677941769361495972e-02
-1.846857815980911255e-01
-1.524561643600463867e-01
-1.146497502923011780e-01
-1.666183024644851685e-01
-1.531699746847152710e-01
-1.245160475373268127e-01
-8.362695574760437012e-02
-1.165471822023391724e-01
4.815984070301055908e-01
1.093252539634704590e+00
1.031178712844848633e+00
1.010847568511962891e+00
1.171612858772277832e+00
1.015452504158020020e+00
1.089852213859558105e+00
1.056688427925109863e+00
1.055828928947448730e+00
1.071223020553588867e+00
1.079071044921875000e+00
1.056868195533752441e+00
1.078346848487854004e+00
1.135499954223632812e+00
1.044662714004516602e+00
1.154303669929504395e+00
2.726651191711425781e+00
4.013353347778320312e+00
4.566384792327880859e+00
4.030043601989746094e+00
3.869920730590820312e+00
3.924193382263183594e+00
4.240079879760742188e+00
5.088331222534179688e+00
4.898517131805419922e+00
5.055374622344970703e+00
5.260064601898193359e+00
5.104733943939208984e+00
4.999912261962890625e+00
5.151022911071777344e+00
5.248640537261962891e+00
6.157149791717529297e+00
7.062120914459228516e+00
5.730915546417236328e+00
1.696219086647033691e+00
-6.116821765899658203e-01
-6.158202886581420898e-01
1.180051341652870178e-01
-1.742018735967576504e-03
-1.420139372348785400e-01
-2.471818774938583374e-01
-1.601158231496810913e-01
-1.569340080022811890e-01
-2.032170742750167847e-01
3.660682439804077148e-01
1.113515257835388184e+00
1.056308388710021973e+00
9.699447154998779297e-01
1.162583112716674805e+00
1.012065052986145020e+00
1.057139158248901367e+00
1.032321572303771973e+00
1.037266969680786133e+00
1.046623945236206055e+00
1.051071405410766602e+00
1.070934772491455078e+00
1.044649600982666016e+00
1.063544750213623047e+00
1.083363056182861328e+00
1.090855121612548828e+00
1.089537501335144043e+00
1.072973847389221191e+00
1.059235930442810059e+00
1.080380916595458984e+00
1.066330432891845703e+00
1.070890784263610840e+00
1.098549962043762207e+00
1.145053982734680176e+00
1.047374010086059570e+00
1.204964876174926758e+00
2.236498594284057617e+00
3.211861610412597656e+00
3.318944692611694336e+00
2.990156412124633789e+00
3.163741827011108398e+00
3.036002159118652344e+00
3.012771606445312500e+00
2.970937728881835938e+00
2.928115606307983398e+00
2.965935945510864258e+00
3.171276092529296875e+00
2.805173397064208984e+00
9.974796175956726074e-01
-2.879655063152313232e-01
-3.073174655437469482e-01
3.018633835017681122e-02
-7.301034033298492432e-02
-1.728222668170928955e-01
7.999285310506820679e-02
7.136750817298889160e-01
8.314287662506103516e-01
1.976149678230285645e+00
2.067176818847656250e+00
1.955661773681640625e+00
2.050113677978515625e+00
1.986304640769958496e+00
2.014215230941772461e+00
1.971417784690856934e+00
2.005801439285278320e+00
2.020649433135986328e+00
2.033505439758300781e+00
2.053140878677368164e+00
2.034379243850708008e+00
2.052846193313598633e+00
2.066440343856811523e+00
2.089757204055786133e+00
2.018412113189697266e+00
2.091069698333740234e+00
2.569706916809082031e+00
3.152244329452514648e+00
3.292251110076904297e+00
3.059108972549438477e+00
3.083753585815429688e+00
3.018732547760009766e+00
2.981066942214965820e+00
2.973172664642333984e+00
2.992136001586914062e+00
3.024280309677124023e+00
2.992015123367309570e+00
3.019287347793579102e+00
4.130156517028808594e+00
5.060848712921142578e+00
5.181882858276367188e+00
4.861893177032470703e+00
5.117990016937255859e+00
4.952634811401367188e+00
4.859143257141113281e+00
4.971720695495605469e+00
5.257946014404296875e+00
4.720644950866699219e+00
1.432871222496032715e+00
-4.981948733329772949e-01
-4.605460762977600098e-01
9.987632930278778076e-02
-3.723406791687011719e-02
-1.320592314004898071e-01
-2.021692395210266113e-01
-1.990333348512649536e-01
-1.395805031061172485e-01
-1.200704798102378845e-01
-1.841074228286743164e-01
-2.000127136707305908e-01
1.088858962059020996e+00
2.275686979293823242e+00
2.243238925933837891e+00
1.981916308403015137e+00
2.185728549957275391e+00
1.992255806922912598e+00
2.050154447555541992e+00
1.980315446853637695e+00
2.005228757858276367e+00
2.004505395889282227e+00
1.989719152450561523e+00
2.012886285781860352e+00
2.008719444274902344e+00
2.070426702499389648e+00
1.978303790092468262e+00
2.013186931610107422e+00
2.416206836700439453e+00
2.949491739273071289e+00
3.138763427734375000e+00
4.145157814025878906e+00
4.027218818664550781e+00
3.918385028839111328e+00
4.046813964843750000e+00
3.930183649063110352e+00
3.917070865631103516e+00
3.884094238281250000e+00
3.884902715682983398e+00
3.889140367507934570e+00
3.897031068801879883e+00
3.901401519775390625e+00
3.920031309127807617e+00
3.916849136352539062e+00
3.888408899307250977e+00
4.000658512115478516e+00
4.209663867950439453e+00
3.705089092254638672e+00
1.301055669784545898e+00
-4.161256551742553711e-01
-3.921958506107330322e-01
1.331748485565185547e+00
1.093882322311401367e+00
9.508492350578308105e-01
8.638986945152282715e-01
1.004871129989624023e+00
1.057967782020568848e+00
1.003171086311340332e+00
1.063698530197143555e+00
1.061022520065307617e+00
1.046412825584411621e+00
1.044583201408386230e+00
1.051861286163330078e+00
1.094949722290039062e+00
1.032696008682250977e+00
1.002262830734252930e+00
1.643202185630798340e+00
2.371802806854248047e+00
2.163353204727172852e+00
2.091183662414550781e+00
2.249034643173217773e+00
2.068673849105834961e+00
2.034620285034179688e+00
2.048457860946655273e+00
2.023454189300537109e+00
2.023326873779296875e+00
2.040231466293334961e+00
2.024897098541259766e+00
2.049281358718872070e+00
2.049321889877319336e+00
2.079016447067260742e+00
2.073439598083496094e+00
2.082590103149414062e+00
2.069637060165405273e+00
2.073899269104003906e+00
2.051962614059448242e+00
2.070928573608398438e+00
2.054543495178222656e+00
2.063904047012329102e+00
2.014157533645629883e+00
2.081123828887939453e+00
2.083319425582885742e+00
2.013853788375854492e+00
2.150337219238281250e+00
3.203814744949340820e+00
3.780874490737915039e+00
1.563504099845886230e+00
-2.460287511348724365e-01
-2.446502894163131714e-01
5.519868135452270508e-01
6.724919080734252930e-01
1.049946665763854980e+00
1.035549163818359375e+00
1.047047495841979980e+00
1.073001146316528320e+00
9.984096884727478027e-01
1.085040092468261719e+00
1.015250205993652344e+00
1.111626982688903809e+00
1.050640225410461426e+00
1.082291603088378906e+00
9.713426828384399414e-01
1.702558994293212891e+00
2.350496768951416016e+00
2.175558328628540039e+00
2.063987731933593750e+00
2.264233350753784180e+00
2.067423820495605469e+00
2.511809349060058594e+00
3.002840757369995117e+00
3.036151885986328125e+00
4.031003475189208984e+00
3.885210990905761719e+00
3.881582260131835938e+00
3.959675550460815430e+00
3.938791513442993164e+00
3.965062379837036133e+00
3.967809200286865234e+00
4.385086536407470703e+00
4.950443744659423828e+00
5.338732719421386719e+00
5.109274864196777344e+00
5.084381103515625000e+00
5.008273601531982422e+00
4.983795642852783203e+00
5.007723808288574219e+00
5.246136665344238281e+00
5.757556438446044922e+00
6.003114700317382812e+00
6.807728767395019531e+00
6.849054336547851562e+00
7.608981132507324219e+00
8.499972343444824219e+00
8.253257751464843750e+00
2.399670124053955078e+00
-5.710563659667968750e-01
-7.889046072959899902e-01
1.788842976093292236e-01
1.932005397975444794e-02
-1.597329527139663696e-01
-1.846129298210144043e-01
-1.577865332365036011e-01
-8.860155194997787476e-02
-1.498627662658691406e-01
-1.628101170063018799e-01
-1.249084845185279846e-01
-7.719699293375015259e-02
-1.210900917649269104e-01
4.426477849483489990e-01
1.096562981605529785e+00
1.270236968994140625e+00
1.047908306121826172e+00
1.150421142578125000e+00
1.048438429832458496e+00
1.683165073394775391e+00
2.278484106063842773e+00
2.147883415222167969e+00
2.062780380249023438e+00
2.595133543014526367e+00
3.090171337127685547e+00
3.140205860137939453e+00
3.006157398223876953e+00
3.007031917572021484e+00
2.954733610153198242e+00
2.980198860168457031e+00
3.001393795013427734e+00
2.957508802413940430e+00
2.971833944320678711e+00
2.980312585830688477e+00
2.986690759658813477e+00
2.938536405563354492e+00
3.011393785476684570e+00
3.511450290679931641e+00
4.083428859710693359e+00
4.434858798980712891e+00
4.093274116516113281e+00
4.456765174865722656e+00
5.123853683471679688e+00
5.107241153717041016e+00
5.052758216857910156e+00
5.410431861877441406e+00
4.721426010131835938e+00
1.646105170249938965e+00
-3.335333168506622314e-01
-3.164765834808349609e-01
1.848213970661163330e-01
8.508571982383728027e-02
-1.380669027566909790e-01
5.243650078773498535e-01
2.158908843994140625e+00
2.269024372100830078e+00
1.951018691062927246e+00
2.042248487472534180e+00
2.012216091156005859e+00
2.101844549179077148e+00
1.959291815757751465e+00
2.011824846267700195e+00
1.960062742233276367e+00
2.003410816192626953e+00
2.019515514373779297e+00
2.000481605529785156e+00
2.006982326507568359e+00
2.014335632324218750e+00
2.077004194259643555e+00
2.016535997390747070e+00
1.994465112686157227e+00
3.201375722885131836e+00
4.388187408447265625e+00
4.405440807342529297e+00
3.940274953842163086e+00
4.525252342224121094e+00
5.204047203063964844e+00
5.058476448059082031e+00
5.038331985473632812e+00
5.002762317657470703e+00
4.894488334655761719e+00
5.303348541259765625e+00
6.088896274566650391e+00
6.092742443084716797e+00
6.045470714569091797e+00
6.065792083740234375e+00
5.930825710296630859e+00
5.829423904418945312e+00
5.859792709350585938e+00
5.868082523345947266e+00
5.934710025787353516e+00
5.882892131805419922e+00
6.023794174194335938e+00
6.778014183044433594e+00
6.622153759002685547e+00
2.158532142639160156e+00
-6.719787716865539551e-01
-7.454908490180969238e-01
1.473211199045181274e-01
8.179928176105022430e-03
-1.823983490467071533e-01
-2.308075726032257080e-01
-1.715299487113952637e-01
-1.006466001272201538e-01
-1.707199364900588989e-01
-1.514384895563125610e-01
-1.485264748334884644e-01
-1.558243632316589355e-01
-1.569406688213348389e-01
-7.794260233640670776e-02
-7.556383311748504639e-02
-9.974184632301330566e-02
-8.494117110967636108e-02
-1.068943738937377930e-01
-1.007651835680007935e-01
-1.024359837174415588e-01
-1.152684912085533142e-01
-1.198214590549468994e-01
-9.589181840419769287e-02
-1.121939197182655334e-01
-6.457766145467758179e-02
-1.391312927007675171e-01
-1.140434965491294861e-01
4.531625211238861084e-01
1.162514090538024902e+00
1.065773725509643555e+00
1.064558029174804688e+00
1.149189233779907227e+00
1.013024210929870605e+00
1.090483546257019043e+00
1.057190418243408203e+00
1.063799142837524414e+00
1.049628496170043945e+00
1.068334937095642090e+00
1.085376262664794922e+00
1.067352294921875000e+00
1.071754813194274902e+00
1.081034421920776367e+00
1.096092820167541504e+00
1.052170038223266602e+00
1.088446617126464844e+00
1.150258898735046387e+00
1.017391920089721680e+00
5.423718094825744629e-01
-2.011690884828567505e-01
-8.446697890758514404e-02
-1.204195991158485413e-02
-1.093821600079536438e-01
-1.231385618448257446e-01
-1.905949860811233521e-01
-2.052545100450515747e-01
2.802657783031463623e-01
8.297458291053771973e-01
9.518123865127563477e-01
9.327573776245117188e-01
1.071914911270141602e+00
9.673362374305725098e-01
1.108673095703125000e+00
1.037182688713073730e+00
1.041607260704040527e+00
1.037545204162597656e+00
1.026581764221191406e+00
1.045581936836242676e+00
1.623887538909912109e+00
2.202450752258300781e+00
2.114902257919311523e+00
2.060223817825317383e+00
2.186033964157104492e+00
2.035503625869750977e+00
2.048063993453979492e+00
2.081322669982910156e+00
2.018271684646606445e+00
2.066543817520141602e+00
2.627564430236816406e+00
3.242271900177001953e+00
3.284897327423095703e+00
3.069109916687011719e+00
3.484040498733520508e+00
3.986934661865234375e+00
3.948306560516357422e+00
5.099929809570312500e+00
5.037511825561523438e+00
4.916794776916503906e+00
5.836855411529541016e+00
7.075139045715332031e+00
7.281558036804199219e+00
6.837070465087890625e+00
7.206730365753173828e+00
8.185920715332031250e+00
8.986598014831542969e+00
8.001568794250488281e+00
2.477662324905395508e+00
-6.679586172103881836e-01
-8.916212916374206543e-01
1.555059105157852173e-01
-1.401661575073376298e-04
-1.859140098094940186e-01
-2.240541279315948486e-01
-1.730996817350387573e-01
-5.708720907568931580e-02
-1.332881152629852295e-01
-1.197056248784065247e-01
-1.438857465982437134e-01
-5.113923177123069763e-02
-9.995160996913909912e-02
-4.770094156265258789e-02
-1.561230327934026718e-02
-1.012174859642982483e-01
-7.318003475666046143e-02
5.148534774780273438e-01
1.195381402969360352e+00
1.167875051498413086e+00
1.032811880111694336e+00
1.527835011482238770e+00
2.072039842605590820e+00
2.209135293960571289e+00
2.000590562820434570e+00
2.117825984954833984e+00
2.029106855392456055e+00
1.970876216888427734e+00
2.005079984664916992e+00
2.539216995239257812e+00
3.169405221939086914e+00
3.121659517288208008e+00
2.999835729598999023e+00
4.067396640777587891e+00
5.185029506683349609e+00
5.016019821166992188e+00
4.887352943420410156e+00
4.861063480377197266e+00
4.822455883026123047e+00
5.274539947509765625e+00
6.104776382446289062e+00
6.113382339477539062e+00
6.014468669891357422e+00
6.029692173004150391e+00
5.988051891326904297e+00
6.299310684204101562e+00
5.746478080749511719e+00
1.954562187194824219e+00
-3.474172055721282959e-01
-3.624706566333770752e-01
1.752709597349166870e-01
4.936590045690536499e-02
-6.429895013570785522e-02
-1.522111892700195312e-01
-1.738658845424652100e-01
3.902361989021301270e-01
1.084163427352905273e+00
1.055029034614562988e+00
9.658171534538269043e-01
1.178929090499877930e+00
1.044859170913696289e+00
1.035564899444580078e+00
1.018725156784057617e+00
1.030612945556640625e+00
1.055898070335388184e+00
1.054166913032531738e+00
1.069935441017150879e+00
1.049832463264465332e+00
1.071762681007385254e+00
1.065287947654724121e+00
1.072445273399353027e+00
1.059923768043518066e+00
1.076010823249816895e+00
1.063177347183227539e+00
1.070599436759948730e+00
1.068436503410339355e+00
1.085872650146484375e+00
1.078047394752502441e+00
1.092407941818237305e+00
1.116076588630676270e+00
1.103918433189392090e+00
1.077411770820617676e+00
1.072808742523193359e+00
1.080556154251098633e+00
1.133907198905944824e+00
1.117124557495117188e+00
1.009716272354125977e+00
1.633635163307189941e+00
2.336398363113403320e+00
2.177558422088623047e+00
2.100469350814819336e+00
2.232803344726562500e+00
2.117969274520874023e+00
2.324530363082885742e+00
1.978358626365661621e+00
6.069235205650329590e-01
-3.176753818988800049e-01
-2.086971849203109741e-01
5.365199968218803406e-02
-1.303481906652450562e-01
-2.413670867681503296e-01
3.779814019799232483e-02
9.806454181671142578e-01
9.759570956230163574e-01
9.767612814903259277e-01
9.522610902786254883e-01
9.962894916534423828e-01
1.086228013038635254e+00
1.026099801063537598e+00
1.038402795791625977e+00
1.021590113639831543e+00
1.038481116294860840e+00
1.045005679130554199e+00
1.064421415328979492e+00
1.063581705093383789e+00
1.082720637321472168e+00
1.104734420776367188e+00
1.124478697776794434e+00
1.079225540161132812e+00
1.086321115493774414e+00
1.087231159210205078e+00
1.081264376640319824e+00
1.082240343093872070e+00
1.078386187553405762e+00
1.073782086372375488e+00
1.075524091720581055e+00
1.105360388755798340e+00
1.095861434936523438e+00
1.089174032211303711e+00
1.085509657859802246e+00
1.100111246109008789e+00
1.136466145515441895e+00
1.146399497985839844e+00
1.065366625785827637e+00
1.065404891967773438e+00
1.676875472068786621e+00
2.425075292587280273e+00
2.167974233627319336e+00
2.069676160812377930e+00
2.222041368484497070e+00
2.090809106826782227e+00
2.232220888137817383e+00
1.964636325836181641e+00
1.445390105247497559e+00
-1.906963735818862915e-01
-1.775437965989112854e-02
3.146102428436279297e-01
-1.020102947950363159e-01
-1.154654398560523987e-01
-1.606506854295730591e-01
-2.122183740139007568e-01
-1.372808963060379028e-01
-1.350745856761932373e-01
-1.750770956277847290e-01
-1.913706064224243164e-01
3.986493945121765137e-01
1.053082704544067383e+00
9.371492862701416016e-01
1.002450585365295410e+00
1.114158391952514648e+00
9.782031774520874023e-01
1.022469043731689453e+00
1.014253497123718262e+00
1.592003941535949707e+00
2.190928459167480469e+00
2.175649166107177734e+00
2.089347124099731445e+00
2.085960865020751953e+00
2.075425863265991211e+00
3.145553588867187500e+00
4.253714561462402344e+00
4.202651023864746094e+00
3.894154548645019531e+00
4.349984645843505859e+00
5.128716468811035156e+00
5.017711162567138672e+00
5.009219169616699219e+00
5.087786674499511719e+00
4.982192993164062500e+00
4.889946460723876953e+00
5.005249500274658203e+00
4.966589450836181641e+00
4.958578586578369141e+00
4.945837497711181641e+00
4.971467018127441406e+00
4.925369739532470703e+00
4.949619770050048828e+00
5.198966979980468750e+00
5.890738964080810547e+00
6.875735282897949219e+00
5.934130668640136719e+00
1.768298268318176270e+00
-5.137885212898254395e-01
-4.215217232704162598e-01
1.308322846889495850e-01
2.614066377282142639e-02
-1.270158439874649048e-01
-2.184385657310485840e-01
-1.655008643865585327e-01
-1.248207166790962219e-01
-1.591946780681610107e-01
-1.655107587575912476e-01
-1.621878147125244141e-01
-3.893731161952018738e-02
-4.881756752729415894e-02
-1.220279410481452942e-01
-1.054837927222251892e-01
4.716654419898986816e-01
1.111321330070495605e+00
1.063043117523193359e+00
1.029411911964416504e+00
1.552885532379150391e+00
2.124433517456054688e+00
2.144151449203491211e+00
1.994441390037536621e+00
2.124530553817749023e+00
1.991455078125000000e+00
1.998918890953063965e+00
1.987563490867614746e+00
1.992303490638732910e+00
1.996845960617065430e+00
2.013292074203491211e+00
2.035067558288574219e+00
2.061493396759033203e+00
2.071082830429077148e+00
2.078958749771118164e+00
2.069959163665771484e+00
2.082628965377807617e+00
2.088834285736083984e+00
2.021714687347412109e+00
2.053623199462890625e+00
2.586472749710083008e+00
3.141286373138427734e+00
3.434613466262817383e+00
3.030399084091186523e+00
3.092943668365478516e+00
3.033053159713745117e+00
3.260163784027099609e+00
2.909925222396850586e+00
2.000020742416381836e+00
-8.358753472566604614e-02
2.840371429920196533e-01
1.520921140909194946e-01
1.302644908428192139e-01
8.446710705757141113e-01
8.753209114074707031e-01
2.001601457595825195e+00
2.157005310058593750e+00
2.012630462646484375e+00
1.990718483924865723e+00
1.979277491569519043e+00
2.063913106918334961e+00
1.992793798446655273e+00
2.009652614593505859e+00
2.015061378479003906e+00
2.009114980697631836e+00
2.035134077072143555e+00
2.013041019439697266e+00
2.033454656600952148e+00
2.005258798599243164e+00
2.039864540100097656e+00
2.034878969192504883e+00
2.062784671783447266e+00
2.018528938293457031e+00
2.046073198318481445e+00
2.454330205917358398e+00
2.948024034500122070e+00
2.983087062835693359e+00
4.067115783691406250e+00
3.985063791275024414e+00
3.927578926086425781e+00
4.101760864257812500e+00
3.943725347518920898e+00
3.888896226882934570e+00
3.927084445953369141e+00
4.397004604339599609e+00
5.064670085906982422e+00
4.934638500213623047e+00
4.918297767639160156e+00
5.344601631164550781e+00
5.849874019622802734e+00
6.043866634368896484e+00
6.966003417968750000e+00
7.020833492279052734e+00
7.074115753173828125e+00
7.700989723205566406e+00
7.033004283905029297e+00
2.538454771041870117e+00
-7.074893712997436523e-01
-9.144019484519958496e-01
1.170395493507385254e+00
1.319854140281677246e+00
1.034263014793395996e+00
8.747470974922180176e-01
9.615049362182617188e-01
1.051436305046081543e+00
9.887630343437194824e-01
1.099256992340087891e+00
1.102447986602783203e+00
1.067139744758605957e+00
1.085438847541809082e+00
1.039352416992187500e+00
1.008044600486755371e+00
1.593094110488891602e+00
2.335812807083129883e+00
2.211012363433837891e+00
2.046206474304199219e+00
2.262059450149536133e+00
2.049647092819213867e+00
2.058248519897460938e+00
2.042132854461669922e+00
1.999477267265319824e+00
2.007031917572021484e+00
2.449994325637817383e+00
2.962769269943237305e+00
2.904856920242309570e+00
4.028229236602783203e+00
4.048719882965087891e+00
3.926367998123168945e+00
4.015730857849121094e+00
3.904365062713623047e+00
3.985190391540527344e+00
3.932127714157104492e+00
3.874256610870361328e+00
3.954800844192504883e+00
4.379056453704833984e+00
4.952608585357666016e+00
5.042755603790283203e+00
4.984881877899169922e+00
5.039406776428222656e+00
5.062417984008789062e+00
4.968327522277832031e+00
5.139204502105712891e+00
6.811591625213623047e+00
6.966355800628662109e+00
3.039306163787841797e+00
-6.944006085395812988e-01
-7.864997982978820801e-01
9.577485173940658569e-02
1.121543347835540771e-01
-1.600040495395660400e-01
-5.244582518935203552e-02
-1.645115911960601807e-01
-1.194162070751190186e-01
-2.208040356636047363e-01
3.470476567745208740e-01
1.016845941543579102e+00
9.908125996589660645e-01
9.911773204803466797e-01
1.219620704650878906e+00
1.072369217872619629e+00
1.429030299186706543e+00
1.904440402984619141e+00
2.008419036865234375e+00
2.984661817550659180e+00
3.092529296875000000e+00
2.942195653915405273e+00
3.298254966735839844e+00
3.796241998672485352e+00
3.794951200485229492e+00
4.774999618530273438e+00
4.917601585388183594e+00
5.822210788726806641e+00
6.037321567535400391e+00
5.867906093597412109e+00
5.834375858306884766e+00
5.839583873748779297e+00
5.959880828857421875e+00
5.956362724304199219e+00
5.869745731353759766e+00
5.917091369628906250e+00
5.874933242797851562e+00
5.932519912719726562e+00
5.888496398925781250e+00
5.905088424682617188e+00
6.161069869995117188e+00
6.827246189117431641e+00
6.987092494964599609e+00
6.924302577972412109e+00
6.879096031188964844e+00
7.026421546936035156e+00
7.427382469177246094e+00
6.876986026763916016e+00
2.533600568771362305e+00
1.988584548234939575e-01
2.701944410800933838e-01
4.893090128898620605e-01
3.526958525180816650e-01
1.688190996646881104e-01
1.052878201007843018e-01
-1.712233386933803558e-02
1.966819912195205688e-02
-1.237767711281776428e-01
-1.241440549492835999e-01
-1.296418458223342896e-01
-1.538409441709518433e-01
-1.311591863632202148e-01
-1.725409626960754395e-01
-1.632656604051589966e-01
3.945787549018859863e-01
1.051327109336853027e+00
1.010763406753540039e+00
1.019394397735595703e+00
1.139516472816467285e+00
1.001736879348754883e+00
1.082577824592590332e+00
1.055908322334289551e+00
1.059439182281494141e+00
1.075497150421142578e+00
1.038420438766479492e+00
1.059419870376586914e+00
1.497291207313537598e+00
2.001431941986083984e+00
1.976465702056884766e+00
3.042593479156494141e+00
3.058573722839355469e+00
2.971568584442138672e+00
3.009898662567138672e+00
2.958489894866943359e+00
3.008365631103515625e+00
2.964045524597167969e+00
2.950055837631225586e+00
2.972281217575073242e+00
2.937329292297363281e+00
2.973331689834594727e+00
3.215746641159057617e+00
3.464541673660278320e+00
3.845880746841430664e+00
6.427031517028808594e+00
7.418061256408691406e+00
6.522636413574218750e+00
2.438095808029174805e+00
2.098066657781600952e-01
-1.834805756807327271e-01
2.534105181694030762e-01
1.797733157873153687e-01
-2.590916119515895844e-02
-2.421191893517971039e-02
-8.812589943408966064e-02
-3.452662378549575806e-02
-1.307506859302520752e-01
-1.059287860989570618e-01
-1.412264853715896606e-01
-1.580331176519393921e-01
-1.542880535125732422e-01
-1.079933121800422668e-01
-9.963753074407577515e-02
-1.292713135480880737e-01
-1.245789974927902222e-01
-1.411270350217819214e-01
-1.177012845873832703e-01
-8.310133218765258789e-02
-4.437362030148506165e-02
-1.110789179801940918e-01
-1.047691702842712402e-01
4.804554879665374756e-01
1.173163771629333496e+00
1.106928825378417969e+00
1.076001644134521484e+00
1.183624267578125000e+00
1.042249679565429688e+00
1.055080652236938477e+00
1.026054382324218750e+00
1.501947164535522461e+00
2.018918752670288086e+00
1.988789677619934082e+00
2.891192913055419922e+00
2.937763452529907227e+00
3.782835006713867188e+00
3.962773561477661133e+00
4.826546669006347656e+00
4.950679302215576172e+00
4.836648464202880859e+00
4.916293621063232422e+00
4.847626686096191406e+00
4.824036121368408203e+00
4.962510585784912109e+00
5.883000373840332031e+00
5.599532127380371094e+00
1.954409003257751465e+00
-5.377578139305114746e-01
-6.595283746719360352e-01
1.566830426454544067e-01
-2.526332624256610870e-02
-1.613511890172958374e-01
-2.318198829889297485e-01
-1.816044002771377563e-01
-1.080588549375534058e-01
-1.563934683799743652e-01
-1.826102137565612793e-01
-2.189009189605712891e-01
5.107979178428649902e-01
1.149060726165771484e+00
1.113296627998352051e+00
1.008949875831604004e+00
1.243812680244445801e+00
1.051202058792114258e+00
1.101642727851867676e+00
1.041064620018005371e+00
1.052805304527282715e+00
1.067879676818847656e+00
1.027014732360839844e+00
1.047226071357727051e+00
1.584806799888610840e+00
2.225490331649780273e+00
2.250316619873046875e+00
2.100826501846313477e+00
2.223697662353515625e+00
2.131124734878540039e+00
2.071546316146850586e+00
2.102833509445190430e+00
2.014313459396362305e+00
2.048957586288452148e+00
2.567336797714233398e+00
3.164603948593139648e+00
3.036675930023193359e+00
3.009577512741088867e+00
3.056325435638427734e+00
2.981704473495483398e+00
3.220012426376342773e+00
3.496712684631347656e+00
3.780371904373168945e+00
6.246390819549560547e+00
6.737568855285644531e+00
7.577700138092041016e+00
7.879998207092285156e+00
7.476528167724609375e+00
2.599273204803466797e+00
-1.827914267778396606e-01
-4.742873013019561768e-01
2.930864393711090088e-01
1.586844623088836670e-01
-4.663509503006935120e-02
-7.522153109312057495e-02
-1.417449712753295898e-01
-2.564862184226512909e-02
-1.396220326423645020e-01
-1.332790255546569824e-01
-1.456086188554763794e-01
-1.620286703109741211e-01
-1.085903197526931763e-01
-1.465088278055191040e-01
-1.280719488859176636e-01
4.420154094696044922e-01
1.129715442657470703e+00
1.053060650825500488e+00
1.044451117515563965e+00
1.124139666557312012e+00
1.042648196220397949e+00
1.640380382537841797e+00
2.215425014495849609e+00
2.113990545272827148e+00
2.035789489746093750e+00
2.198701381683349609e+00
2.059094190597534180e+00
1.993428468704223633e+00
2.025337219238281250e+00
2.522389411926269531e+00
3.060313463211059570e+00
3.088692665100097656e+00
3.029340744018554688e+00
3.088145971298217773e+00
2.994987010955810547e+00
3.014990091323852539e+00
3.022623062133789062e+00
2.918499469757080078e+00
3.022851467132568359e+00
4.039894580841064453e+00
5.050546646118164062e+00
5.295483589172363281e+00
4.965258598327636719e+00
4.903568744659423828e+00
4.979091167449951172e+00
5.410546302795410156e+00
4.852512836456298828e+00
1.641756772994995117e+00
-3.754343986511230469e-01
-4.409358799457550049e-01
9.790443629026412964e-02
-2.678666077554225922e-02
-1.458995044231414795e-01
-2.184114754199981689e-01
-1.995362490415573120e-01
-1.467267125844955444e-01
-1.860935986042022705e-01
-1.642283350229263306e-01
-1.659940332174301147e-01
-4.886234179139137268e-02
-8.943720161914825439e-02
-8.018882572650909424e-02
-8.190083503723144531e-02
-9.877868741750717163e-02
-8.088868856430053711e-02
-1.162348911166191101e-01
-9.997756034135818481e-02
-1.200866997241973877e-01
-1.021147742867469788e-01
-9.214723855257034302e-02
-8.650733530521392822e-02
-9.694987535476684570e-02
-9.291523694992065430e-02
-1.060390993952751160e-01
-6.753688305616378784e-02
-1.329117417335510254e-01
-9.514069557189941406e-02
4.496775269508361816e-01
1.120836377143859863e+00
1.106740951538085938e+00
1.053976297378540039e+00
1.154552817344665527e+00
1.015214800834655762e+00
1.077180504798889160e+00
1.052559375762939453e+00
1.056025266647338867e+00
1.067265748977661133e+00
1.036363244056701660e+00
1.043851852416992188e+00
1.534579277038574219e+00
2.128911018371582031e+00
2.024525880813598633e+00
2.881218671798706055e+00
3.268931627273559570e+00
3.423992633819580078e+00
1.168272256851196289e+00
-2.639114558696746826e-01
-3.183719217777252197e-01
2.915918231010437012e-01
1.730076968669891357e-01
1.611373722553253174e-01
4.235548526048660278e-02
-2.284075506031513214e-02
2.361311316490173340e-01
6.869444251060485840e-01
8.488874435424804688e-01
2.917218446731567383e+00
3.023792505264282227e+00
3.777628898620605469e+00
4.096712589263916016e+00
3.922201395034790039e+00
4.031195640563964844e+00
3.904048442840576172e+00
4.076785564422607422e+00
3.924786567687988281e+00
3.939125061035156250e+00
3.899014234542846680e+00
3.930366516113281250e+00
3.912863969802856445e+00
3.927070140838623047e+00
3.970884323120117188e+00
4.019492626190185547e+00
4.048746109008789062e+00
4.044896602630615234e+00
4.039784431457519531e+00
4.344789028167724609e+00
5.021444797515869141e+00
5.222713947296142578e+00
5.020516872406005859e+00
5.126233577728271484e+00
4.996681690216064453e+00
4.937243461608886719e+00
4.957664489746093750e+00
5.269577026367187500e+00
5.865250587463378906e+00
6.163459300994873047e+00
6.033946037292480469e+00
6.130998134613037109e+00
5.902640819549560547e+00
5.754501342773437500e+00
5.881086349487304688e+00
6.257775783538818359e+00
5.945966720581054688e+00
1.986237764358520508e+00
-1.529082953929901123e-01
-1.375007182359695435e-01
2.826867401599884033e-01
1.490443199872970581e-01
3.047105111181735992e-02
-1.583632528781890869e-01
-1.554118096828460693e-01
-1.283165961503982544e-01
-1.774117350578308105e-01
-1.535044908523559570e-01
-1.494888216257095337e-01
-1.497942954301834106e-01
-1.512065082788467407e-01
-1.107688993215560913e-01
-1.260233223438262939e-01
-1.348846107721328735e-01
-1.134155094623565674e-01
-1.242863312363624573e-01
-1.134304329752922058e-01
-1.069879829883575439e-01
-1.000075787305831909e-01
-1.173922345042228699e-01
-1.051044985651969910e-01
-1.175333708524703979e-01
-1.016005054116249084e-01
-1.143442690372467041e-01
-9.331302344799041748e-02
-1.106653958559036255e-01
-9.542752057313919067e-02
-1.028928235173225403e-01
-7.612773776054382324e-02
-1.019011139869689941e-01
-7.519297301769256592e-02
-8.753684163093566895e-02
-8.366021513938903809e-02
-7.698999345302581787e-02
-3.243321552872657776e-02
-7.067505270242691040e-02
-8.995195478200912476e-02
4.011715948581695557e-01
9.677009582519531250e-01
1.009787082672119141e+00
2.371956110000610352e+00
2.274565458297729492e+00
2.039663553237915039e+00
2.451807022094726562e+00
1.741362929344177246e+00
9.890869855880737305e-01
-1.049013882875442505e-01
-2.435211688280105591e-01
-6.108761951327323914e-02
-1.386384367942810059e-01
-1.762461215257644653e-01
-2.307561486959457397e-01
-1.776914149522781372e-01
-1.946343332529067993e-01
-1.760975122451782227e-01
-1.606682091951370239e-01
-1.708224713802337646e-01
-1.287038326263427734e-01
-1.480878144502639771e-01
-1.513145565986633301e-01
-1.239315345883369446e-01
-9.134874492883682251e-02
-7.942505180835723877e-02
-8.325577527284622192e-02
-7.376957684755325317e-02
1.871477626264095306e-02
1.044632047414779663e-01
4.915644824504852295e-01
9.340936541557312012e-01
1.587140321731567383e+00
1.264871954917907715e+00
1.030836105346679688e+00
1.034649372100830078e+00
1.616699814796447754e+00
2.316261529922485352e+00
2.264580726623535156e+00
2.069550275802612305e+00
2.279621124267578125e+00
2.232837677001953125e+00
2.150271177291870117e+00
2.125066757202148438e+00
3.895783185958862305e+00
5.552536010742187500e+00
6.495759010314941406e+00
5.756230831146240234e+00
5.659029483795166016e+00
5.655998706817626953e+00
5.653631687164306641e+00
5.663752555847167969e+00
5.765828132629394531e+00
5.941295146942138672e+00
6.401556968688964844e+00
5.503487110137939453e+00
1.870578289031982422e+00
-4.026779830455780029e-01
-4.721707701683044434e-01
-1.802512407302856445e-01
1.373068541288375854e-01
1.826613545417785645e+00
2.042171478271484375e+00
1.672811031341552734e+00
1.940411567687988281e+00
2.666397333145141602e+00
2.968032121658325195e+00
2.838009595870971680e+00
2.962148904800415039e+00
2.924976587295532227e+00
2.918956756591796875e+00
2.950712203979492188e+00
2.915575981140136719e+00
2.988551616668701172e+00
2.942069053649902344e+00
2.992280006408691406e+00
2.958369731903076172e+00
2.999006986618041992e+00
2.993799686431884766e+00
3.047823667526245117e+00
2.975166320800781250e+00
3.008424043655395508e+00
2.945302963256835938e+00
2.958651065826416016e+00
3.342758655548095703e+00
3.932050466537475586e+00
3.944025039672851562e+00
5.020938396453857422e+00
5.141158103942871094e+00
4.858012676239013672e+00
5.024989128112792969e+00
4.915882587432861328e+00
5.421710014343261719e+00
6.170648574829101562e+00
6.008938312530517578e+00
5.968428611755371094e+00
6.070895195007324219e+00
5.914883136749267578e+00
5.958110332489013672e+00
5.970577716827392578e+00
5.868309497833251953e+00
5.942317485809326172e+00
6.654342651367187500e+00
6.555203437805175781e+00
2.327527761459350586e+00
-2.884669005870819092e-01
-3.792675435543060303e-01
7.541844248771667480e-01
8.937013149261474609e-01
9.480429887771606445e-01
9.553415179252624512e-01
9.769833683967590332e-01
1.117417573928833008e+00
1.002903103828430176e+00
1.085292220115661621e+00
1.013066887855529785e+00
1.055184602737426758e+00
1.008589386940002441e+00
1.038526058197021484e+00
1.016257643699645996e+00
1.042586326599121094e+00
1.032831668853759766e+00
1.042247056961059570e+00
1.042717218399047852e+00
1.043913483619689941e+00
1.052029848098754883e+00
1.072282433509826660e+00
1.084988236427307129e+00
1.078524708747863770e+00
1.095952272415161133e+00
1.098661184310913086e+00
1.144838571548461914e+00
1.080471158027648926e+00
1.017116665840148926e+00
1.632271528244018555e+00
2.394207954406738281e+00
2.190057754516601562e+00
2.077547311782836914e+00
2.235268354415893555e+00
2.054948329925537109e+00
2.035045146942138672e+00
2.028133869171142578e+00
2.017304897308349609e+00
2.007388830184936523e+00
2.012185811996459961e+00
2.013023138046264648e+00
2.025946617126464844e+00
2.032339096069335938e+00
1.997437715530395508e+00
2.029306650161743164e+00
2.204669237136840820e+00
1.961255431175231934e+00
8.150131106376647949e-01
-2.957341074943542480e-01
-3.049607574939727783e-01
-8.790705353021621704e-02
-1.465467959642410278e-01
-2.457435429096221924e-01
1.234453395009040833e-01
9.958326816558837891e-01
9.880180358886718750e-01
1.007564306259155273e+00
9.817334413528442383e-01
1.029926896095275879e+00
1.396483540534973145e+00
1.729200243949890137e+00
1.920629620552062988e+00
3.751332521438598633e+00
3.891389369964599609e+00
4.790151596069335938e+00
4.939683437347412109e+00
4.882588386535644531e+00
4.782432079315185547e+00
4.861997604370117188e+00
5.241119861602783203e+00
6.077124118804931641e+00
6.294406414031982422e+00
6.064948081970214844e+00
6.685042858123779297e+00
6.172040462493896484e+00
5.928391456604003906e+00
6.060057640075683594e+00
5.908700466156005859e+00
5.887750625610351562e+00
6.207802295684814453e+00
6.855881690979003906e+00
6.984094619750976562e+00
6.995864391326904297e+00
7.198144435882568359e+00
7.438037395477294922e+00
7.195542335510253906e+00
7.153752803802490234e+00
7.025288581848144531e+00
7.179166316986083984e+00
6.973898887634277344e+00
6.855142116546630859e+00
7.025463581085205078e+00
7.950056552886962891e+00
8.722964286804199219e+00
7.307397365570068359e+00
3.338336706161499023e+00
4.871520102024078369e-01
8.558462262153625488e-01
2.286487579345703125e+00
2.220030784606933594e+00
1.969635844230651855e+00
1.952303886413574219e+00
1.852730751037597656e+00
2.084964752197265625e+00
1.935041785240173340e+00
2.107193946838378906e+00
2.004222869873046875e+00
2.092749118804931641e+00
2.013406515121459961e+00
2.040005683898925781e+00
1.960824489593505859e+00
2.028731584548950195e+00
1.996535420417785645e+00
1.988514184951782227e+00
1.941069245338439941e+00
2.409248113632202148e+00
3.039709329605102539e+00
2.890378475189208984e+00
3.986688137054443359e+00
4.123368740081787109e+00
3.956707477569580078e+00
4.127586364746093750e+00
3.955309152603149414e+00
3.937516450881958008e+00
3.947432518005371094e+00
4.348166465759277344e+00
4.991913795471191406e+00
4.936492443084716797e+00
4.897660255432128906e+00
4.946861743927001953e+00
4.881611824035644531e+00
4.876242637634277344e+00
4.926138877868652344e+00
4.890135765075683594e+00
4.914978504180908203e+00
4.919137477874755859e+00
4.922880649566650391e+00
4.926548004150390625e+00
4.951066970825195312e+00
4.957573413848876953e+00
5.081219196319580078e+00
5.788150787353515625e+00
5.773758411407470703e+00
1.946271896362304688e+00
-5.653687119483947754e-01
-5.937805771827697754e-01
9.058514833450317383e-01
1.183563590049743652e+00
1.051369071006774902e+00
8.726186752319335938e-01
9.706686139106750488e-01
1.036930084228515625e+00
9.912822842597961426e-01
1.065645098686218262e+00
1.098996043205261230e+00
1.028846979141235352e+00
1.000447869300842285e+00
1.483250498771667480e+00
2.174473047256469727e+00
1.991067051887512207e+00
3.109168529510498047e+00
3.187207937240600586e+00
2.944186210632324219e+00
3.443959236145019531e+00
3.995192766189575195e+00
3.912554502487182617e+00
3.893395185470581055e+00
4.331170558929443359e+00
4.865018367767333984e+00
4.729290485382080078e+00
6.059110164642333984e+00
6.119533061981201172e+00
5.887678623199462891e+00
5.924692630767822266e+00
5.983992099761962891e+00
5.850730419158935547e+00
5.893493652343750000e+00
6.649244785308837891e+00
7.719645023345947266e+00
7.707174301147460938e+00
7.844720363616943359e+00
7.988141059875488281e+00
8.057462692260742188e+00
8.019784927368164062e+00
7.930170059204101562e+00
8.145168304443359375e+00
8.103381156921386719e+00
7.992807865142822266e+00
8.107071876525878906e+00
8.885636329650878906e+00
7.738682270050048828e+00
2.563632011413574219e+00
-4.964282736182212830e-02
-5.560026168823242188e-01
1.273047775030136108e-01
1.488949060440063477e-01
5.906196236610412598e-01
9.274925589561462402e-01
2.872027873992919922e+00
3.203557968139648438e+00
2.718127012252807617e+00
3.071369647979736328e+00
2.887547254562377930e+00
2.888376951217651367e+00
2.890774011611938477e+00
2.858898878097534180e+00
2.935147047042846680e+00
2.907986879348754883e+00
2.983897924423217773e+00
2.931577682495117188e+00
2.990265846252441406e+00
2.971930027008056641e+00
3.021937370300292969e+00
2.969524383544921875e+00
3.066052198410034180e+00
2.972158432006835938e+00
2.811180353164672852e+00
4.133768558502197266e+00
5.526327610015869141e+00
5.593085765838623047e+00
4.956441402435302734e+00
5.025181770324707031e+00
4.984345436096191406e+00
4.859305381774902344e+00
4.933300018310546875e+00
5.264203071594238281e+00
5.927465438842773438e+00
6.129420280456542969e+00
5.971116542816162109e+00
5.985188961029052734e+00
5.931878089904785156e+00
6.286777019500732422e+00
7.028277397155761719e+00
7.147815227508544922e+00
7.272729873657226562e+00
7.050657272338867188e+00
7.016066551208496094e+00
7.451216220855712891e+00
6.905546188354492188e+00
2.120318651199340820e+00
-4.048077166080474854e-01
-5.813845992088317871e-01
6.332606077194213867e-02
9.810575842857360840e-02
-6.793434917926788330e-02
-1.272114962339401245e-01
-1.437692642211914062e-01
-1.285631805658340454e-01
-1.623244136571884155e-01
-1.591584980487823486e-01
-1.437202692031860352e-01
-1.539402306079864502e-01
-1.385717689990997314e-01
-1.054101362824440002e-01
-9.148517996072769165e-02
-8.857251703739166260e-02
-6.944340467453002930e-02
-8.324377238750457764e-02
-5.661949887871742249e-02
-1.265779882669448853e-01
-8.502764254808425903e-02
4.586218595504760742e-01
1.095004916191101074e+00
1.088372707366943359e+00
1.052616119384765625e+00
1.140885353088378906e+00
1.011242866516113281e+00
1.095792055130004883e+00
1.098050951957702637e+00
1.044305801391601562e+00
1.033289194107055664e+00
1.620523452758789062e+00
2.284764051437377930e+00
2.300780773162841797e+00
2.081585168838500977e+00
2.169715881347656250e+00
2.027226209640502930e+00
2.031735420227050781e+00
2.043699026107788086e+00
1.994106531143188477e+00
2.018369913101196289e+00
2.460563898086547852e+00
2.986515283584594727e+00
3.009282827377319336e+00
4.105786323547363281e+00
4.497916698455810547e+00
3.650837421417236328e+00
9.149953722953796387e-01
-4.351943135261535645e-01
-5.123585462570190430e-01
1.402678370475769043e+00
1.283498525619506836e+00
1.032440543174743652e+00
8.754988908767700195e-01
1.017853975296020508e+00
1.075690865516662598e+00
1.023277640342712402e+00
1.077406287193298340e+00
1.132449388504028320e+00
1.070650577545166016e+00
8.798021674156188965e-01
2.131057739257812500e+00
3.482385158538818359e+00
3.983028173446655273e+00
3.111046791076660156e+00
3.361898183822631836e+00
3.172384023666381836e+00
3.101437568664550781e+00
3.055767059326171875e+00
2.944652318954467773e+00
2.948925256729125977e+00
3.327787160873413086e+00
3.906344413757324219e+00
3.914016485214233398e+00
4.832586288452148438e+00
5.057681560516357422e+00
6.066971778869628906e+00
6.406824588775634766e+00
5.932889938354492188e+00
6.219469547271728516e+00
6.881993770599365234e+00
7.037574291229248047e+00
7.017369747161865234e+00
7.050678730010986328e+00
6.900398254394531250e+00
6.929593086242675781e+00
6.871665000915527344e+00
6.805142402648925781e+00
6.936272621154785156e+00
6.854148387908935547e+00
6.814670562744140625e+00
6.787958621978759766e+00
7.028689384460449219e+00
7.381989479064941406e+00
6.830579280853271484e+00
2.251171350479125977e+00
-5.284361839294433594e-01
-5.910842418670654297e-01
1.362358182668685913e-01
1.090711653232574463e-01
9.538761340081691742e-03
7.371539250016212463e-03
-3.547793626785278320e-02
-2.292949473485350609e-03
-9.672583639621734619e-02
-9.274716675281524658e-02
-1.340290158987045288e-01
-7.722619920969009399e-02
-9.256952255964279175e-02
-6.779369711875915527e-02
-6.499134749174118042e-02
-9.668820351362228394e-02
-8.123050630092620850e-02
-9.482337534427642822e-02
-8.346212655305862427e-02
-9.171879291534423828e-02
-8.886209875345230103e-02
-1.255703717470169067e-01
-1.125521212816238403e-01
-1.120430454611778259e-01
-7.439837604761123657e-02
-1.220212876796722412e-01
-1.078549325466156006e-01
2.435012161731719971e-01
6.817133426666259766e-01
8.645529150962829590e-01
3.225798845291137695e+00
3.172802209854125977e+00
4.051477909088134766e+00
3.998454332351684570e+00
4.002183437347412109e+00
3.895909786224365234e+00
3.935920715332031250e+00
4.203707695007324219e+00
4.513702392578125000e+00
4.840077400207519531e+00
6.537320137023925781e+00
6.978956222534179688e+00
6.714748859405517578e+00
6.602889537811279297e+00
6.684360980987548828e+00
7.498210430145263672e+00
6.537208080291748047e+00
2.167447328567504883e+00
-4.673894643783569336e-01
-6.391810178756713867e-01
1.028215050697326660e+00
1.335809707641601562e+00
1.048075318336486816e+00
8.957940936088562012e-01
9.875169396400451660e-01
1.039902567863464355e+00
9.988483190536499023e-01
1.071252703666687012e+00
1.100757598876953125e+00
1.050632238388061523e+00
1.060268998146057129e+00
1.048910975456237793e+00
1.068943858146667480e+00
1.068016886711120605e+00
1.077873826026916504e+00
1.079636931419372559e+00
1.082256317138671875e+00
1.089898586273193359e+00
1.114137887954711914e+00
1.051854372024536133e+00
9.957867264747619629e-01
1.619424581527709961e+00
2.333557128906250000e+00
2.205908536911010742e+00
2.066859483718872070e+00
2.264073371887207031e+00
2.094701051712036133e+00
2.063662290573120117e+00
2.043762922286987305e+00
2.019371271133422852e+00
2.029464721679687500e+00
1.985984683036804199e+00
1.998588323593139648e+00
2.537423849105834961e+00
3.172230243682861328e+00
3.122378826141357422e+00
3.022461175918579102e+00
2.982610464096069336e+00
2.987340211868286133e+00
4.098827362060546875e+00
5.270116806030273438e+00
5.274978160858154297e+00
4.964517116546630859e+00
5.733825683593750000e+00
4.985619068145751953e+00
1.532438158988952637e+00
-4.156623184680938721e-01
-4.820108711719512939e-01
1.309899091720581055e+00
1.285862207412719727e+00
1.014967560768127441e+00
8.736322522163391113e-01
1.002775311470031738e+00
1.130501389503479004e+00
1.015973925590515137e+00
1.099935412406921387e+00
1.093574643135070801e+00
1.035935282707214355e+00
9.932666420936584473e-01
1.353683114051818848e+00
1.932774424552917480e+00
1.965293645858764648e+00
4.264402866363525391e+00
4.280962944030761719e+00
3.948487043380737305e+00
3.945368289947509766e+00
3.900722026824951172e+00
3.977350950241088867e+00
3.907745361328125000e+00
3.911536455154418945e+00
3.921418666839599609e+00
3.923711299896240234e+00
3.914708137512207031e+00
3.921610116958618164e+00
4.017739295959472656e+00
4.061741352081298828e+00
4.052085876464843750e+00
4.049643039703369141e+00
4.047503948211669922e+00
4.026267051696777344e+00
4.024591922760009766e+00
3.981710195541381836e+00
4.020402431488037109e+00
4.332002162933349609e+00
5.008959293365478516e+00
4.877291679382324219e+00
5.002993106842041016e+00
5.064849853515625000e+00
4.941788196563720703e+00
5.754554271697998047e+00
6.983167171478271484e+00
7.566015243530273438e+00
6.391019344329833984e+00
1.935811400413513184e+00
-3.947133123874664307e-01
-6.683916449546813965e-01
9.295319765806198120e-02
3.327972814440727234e-02
-1.390957683324813843e-01
-2.183412313461303711e-01
-2.162848114967346191e-01
3.411511182785034180e-01
8.598844408988952637e-01
8.574161529541015625e-01
1.911239147186279297e+00
2.208313465118408203e+00
1.969932436943054199e+00
2.333256006240844727e+00
2.900981903076171875e+00
2.971498489379882812e+00
2.827060461044311523e+00
3.273969173431396484e+00
3.878499984741210938e+00
3.983778953552246094e+00
3.858774185180664062e+00
4.253114700317382812e+00
4.695980072021484375e+00
4.983701705932617188e+00
5.845703125000000000e+00
6.035619258880615234e+00
5.972723007202148438e+00
5.991631031036376953e+00
5.943511962890625000e+00
5.927760124206542969e+00
5.874115467071533203e+00
6.203787803649902344e+00
6.903574943542480469e+00
7.001959323883056641e+00
6.961625576019287109e+00
6.960793972015380859e+00
6.911736965179443359e+00
6.832611083984375000e+00
6.871322631835937500e+00
7.044096469879150391e+00
6.990528583526611328e+00
7.249976158142089844e+00
7.783190727233886719e+00
8.193761825561523438e+00
8.117133140563964844e+00
9.477138519287109375e+00
8.778324127197265625e+00
3.747826099395751953e+00
4.402677342295646667e-02
1.324156522750854492e-01
2.831080555915832520e-01
2.081653922796249390e-01
6.392334103584289551e-01
1.152926325798034668e+00
9.445447921752929688e-01
1.091214299201965332e+00
9.649958014488220215e-01
1.067759156227111816e+00
1.112553596496582031e+00
1.038287758827209473e+00
9.950072169303894043e-01
1.535294055938720703e+00
2.368826866149902344e+00
2.155143737792968750e+00
2.054170370101928711e+00
2.187855720520019531e+00
2.029232978820800781e+00
2.047510862350463867e+00
2.024954795837402344e+00
2.025482416152954102e+00
2.010472536087036133e+00
2.021992444992065430e+00
2.025752305984497070e+00
2.025064706802368164e+00
2.036978006362915039e+00
2.037859678268432617e+00
2.040440320968627930e+00
2.004896163940429688e+00
2.042513132095336914e+00
2.520025491714477539e+00
3.111024141311645508e+00
3.017574548721313477e+00
3.672550439834594727e+00
3.822833776473999023e+00
5.790377140045166016e+00
6.083718299865722656e+00
5.731688499450683594e+00
5.805570602416992188e+00
5.787247657775878906e+00
6.049659252166748047e+00
6.000092506408691406e+00
5.805634021759033203e+00
5.832642555236816406e+00
6.759066104888916016e+00
6.843918800354003906e+00
2.293646812438964844e+00
-6.387341022491455078e-01
-7.972512841224670410e-01
1.575180441141128540e-01
3.236085921525955200e-02
-1.807087212800979614e-01
-1.993621736764907837e-01
-1.644747555255889893e-01
-4.431619122624397278e-02
-1.426253914833068848e-01
-1.604980379343032837e-01
-1.620082259178161621e-01
-3.364523127675056458e-02
-3.815763816237449646e-02
-7.818221300840377808e-02
-1.098884791135787964e-01
1.131996393203735352e+00
2.302102088928222656e+00
2.348253726959228516e+00
2.043369531631469727e+00
2.806289911270141602e+00
4.083446025848388672e+00
4.196252822875976562e+00
3.868022441864013672e+00
4.033408164978027344e+00
3.924948215484619141e+00
3.937409877777099609e+00
3.893401622772216797e+00
4.220957756042480469e+00
4.980184078216552734e+00
5.242952346801757812e+00
4.876481056213378906e+00
5.434916496276855469e+00
6.119981765747070312e+00
6.144906997680664062e+00
5.988172054290771484e+00
6.287359237670898438e+00
7.014862537384033203e+00
7.196031570434570312e+00
7.179231643676757812e+00
7.237336635589599609e+00
7.113704204559326172e+00
7.013918876647949219e+00
7.050412178039550781e+00
6.911073207855224609e+00
6.986001491546630859e+00
7.735724925994873047e+00
7.527699947357177734e+00
2.708674907684326172e+00
-1.028952598571777344e-01
-4.659596681594848633e-01
2.404105812311172485e-01
1.689284443855285645e-01
-4.524738714098930359e-02
-9.816595166921615601e-02
-1.082274094223976135e-01
-2.932165563106536865e-02
-1.436213105916976929e-01
-1.283300668001174927e-01
-1.392967700958251953e-01
-1.480811536312103271e-01
-1.103370413184165955e-01
-1.288089603185653687e-01
-1.638273000717163086e-01
2.936433851718902588e-01
8.630664348602294922e-01
9.024673700332641602e-01
2.124614953994750977e+00
2.170384645462036133e+00
2.006780862808227539e+00
2.340515851974487305e+00
2.612251520156860352e+00
2.845089197158813477e+00
4.674355506896972656e+00
4.852321624755859375e+00
4.772203922271728516e+00
4.969766616821289062e+00
5.614313602447509766e+00
5.694182872772216797e+00
6.813159942626953125e+00
7.088178157806396484e+00
6.740415573120117188e+00
6.764966964721679688e+00
6.726544857025146484e+00
6.860215663909912109e+00
6.948399543762207031e+00
6.973768234252929688e+00
6.882518768310546875e+00
7.129268169403076172e+00
7.746206283569335938e+00
8.298357963562011719e+00
9.289295196533203125e+00
9.258057594299316406e+00
9.125036239624023438e+00
9.727277755737304688e+00
8.686073303222656250e+00
2.841962575912475586e+00
-5.838293209671974182e-02
-3.082560300827026367e-01
3.592252433300018311e-01
4.600210785865783691e-01
9.306415915489196777e-02
1.262407153844833374e-01
3.083606623113155365e-02
1.169530823826789856e-01
-7.012428343296051025e-02
-1.054571848362684250e-02
-5.878591164946556091e-02
-3.690701350569725037e-02
-6.940074265003204346e-02
-8.725148439407348633e-02
-1.004574373364448547e-01
-1.047716066241264343e-01
-4.981722310185432434e-02
-1.008886471390724182e-01
-8.180252462625503540e-02
-8.960121124982833862e-02
-8.642686903476715088e-02
-1.108255162835121155e-01
-8.935721963644027710e-02
-1.122411265969276428e-01
-7.182574272155761719e-02
-1.335432976484298706e-01
-1.293826103210449219e-01
4.286595582962036133e-01
1.095231413841247559e+00
1.072340369224548340e+00
1.046269416809082031e+00
1.159917116165161133e+00
1.025560855865478516e+00
1.086582303047180176e+00
1.074514389038085938e+00
1.060158491134643555e+00
1.040140271186828613e+00
1.076699256896972656e+00
1.106136798858642578e+00
1.055028319358825684e+00
1.040751814842224121e+00
1.632964253425598145e+00
2.355982780456542969e+00
2.204638957977294922e+00
2.093605756759643555e+00
2.405248641967773438e+00
2.001186609268188477e+00
6.803427934646606445e-01
-1.268748641014099121e-01
-1.147610368207097054e-03
-4.753481969237327576e-02
-1.206329315900802612e-01
-6.657389551401138306e-02
-1.813578009605407715e-01
-2.087666094303131104e-01
1.587808281183242798e-01
7.521374225616455078e-01
7.788982987403869629e-01
2.008678197860717773e+00
2.076453447341918945e+00
1.914888024330139160e+00
1.891151547431945801e+00
1.908074736595153809e+00
2.042793750762939453e+00
2.026072740554809570e+00
1.968819856643676758e+00
1.993117928504943848e+00
2.446060180664062500e+00
2.936317682266235352e+00
2.878771305084228516e+00
3.790209770202636719e+00
4.023441314697265625e+00
4.668208599090576172e+00
5.003120422363281250e+00
5.787510871887207031e+00
6.032071590423583984e+00
5.797729492187500000e+00
5.929461002349853516e+00
6.613113880157470703e+00
7.017590999603271484e+00
7.883112907409667969e+00
8.224645614624023438e+00
7.910741329193115234e+00
8.103224754333496094e+00
7.975021362304687500e+00
8.063040733337402344e+00
8.009452819824218750e+00
8.037715911865234375e+00
7.907852649688720703e+00
7.969465732574462891e+00
8.297098159790039062e+00
8.200341224670410156e+00
8.403284072875976562e+00
8.974027633666992188e+00
8.717394828796386719e+00
3.452521800994873047e+00
-5.091907978057861328e-01
-8.324224948883056641e-01
-9.900791943073272705e-02
4.176318645477294922e-02
1.640712618827819824e+00
2.017213106155395508e+00
1.598116755485534668e+00
1.854201555252075195e+00
1.801879405975341797e+00
1.946148276329040527e+00
1.943535447120666504e+00
2.021395206451416016e+00
2.060633182525634766e+00
1.998395919799804688e+00
2.037967443466186523e+00
1.988739371299743652e+00
2.026642322540283203e+00
2.000195741653442383e+00
2.028498888015747070e+00
2.009298563003540039e+00
2.026380538940429688e+00
2.009703874588012695e+00
2.063769340515136719e+00
2.007770776748657227e+00
1.927673935890197754e+00
2.563860416412353516e+00
3.373472452163696289e+00
3.101857423782348633e+00
2.986071825027465820e+00
3.594939947128295898e+00
3.955806732177734375e+00
3.896717071533203125e+00
4.952055931091308594e+00
4.964162826538085938e+00
4.846171379089355469e+00
4.963291168212890625e+00
4.868373870849609375e+00
4.888839721679687500e+00
4.921046257019042969e+00
4.913973331451416016e+00
4.942316055297851562e+00
5.325389862060546875e+00
6.036039829254150391e+00
6.046091079711914062e+00
6.074266433715820312e+00
6.347180843353271484e+00
5.851799488067626953e+00
2.136732339859008789e+00
-2.316800504922866821e-01
-4.883365333080291748e-01
7.270372658967971802e-02
1.604397892951965332e-01
-1.445366144180297852e-01
-1.830044388771057129e-01
-1.856398433446884155e-01
-1.214270442724227905e-01
-1.713922172784805298e-01
-7.082916796207427979e-02
-1.251709759235382080e-01
-5.786542221903800964e-02
-9.984258562326431274e-02
-1.069586202502250671e-01
-9.712605923414230347e-02
-1.053663343191146851e-01
-8.558506518602371216e-02
-9.420090168714523315e-02
-8.109682798385620117e-02
-8.617979288101196289e-02
-6.486610323190689087e-02
-1.317793875932693481e-01
-1.136309504508972168e-01
4.424649477005004883e-01
1.109818696975708008e+00
1.055061340332031250e+00
1.031221985816955566e+00
1.143620491027832031e+00
1.042069911956787109e+00
1.039667129516601562e+00
1.020497202873229980e+00
1.602311611175537109e+00
2.235322475433349609e+00
2.110313653945922852e+00
2.040976762771606445e+00
2.154471635818481445e+00
2.022777557373046875e+00
2.040617465972900391e+00
2.071865081787109375e+00
1.985092043876647949e+00
2.014289855957031250e+00
3.131079435348510742e+00
4.238830089569091797e+00
4.179946899414062500e+00
3.937938928604125977e+00
4.622189044952392578e+00
4.038545131683349609e+00
1.163240194320678711e+00
-2.565055191516876221e-01
-3.187843859195709229e-01
1.221002936363220215e-01
-2.090973965823650360e-02
-8.884522318840026855e-02
-1.513875573873519897e-01
-1.698327064514160156e-01
-1.319078654050827026e-01
-1.744907945394515991e-01
-1.619389504194259644e-01
-1.630938649177551270e-01
-4.070528969168663025e-02
-8.612658828496932983e-02
-5.271788313984870911e-02
-2.493610978126525879e-02
-1.103049218654632568e-01
-1.485937982797622681e-01
1.079679369926452637e+00
2.256173849105834961e+00
2.234981298446655273e+00
2.026970624923706055e+00
2.039196491241455078e+00
1.976861238479614258e+00
2.022969007492065430e+00
1.985099196434020996e+00
2.002354383468627930e+00
2.065587043762207031e+00
1.977813482284545898e+00
1.990032315254211426e+00
2.490261077880859375e+00
3.210735321044921875e+00
3.039893388748168945e+00
3.007796049118041992e+00
3.101711034774780273e+00
2.982466697692871094e+00
2.991312742233276367e+00
2.975915193557739258e+00
2.953667402267456055e+00
2.961900949478149414e+00
2.955057144165039062e+00
2.967798948287963867e+00
2.970447063446044922e+00
2.995769262313842773e+00
2.932586193084716797e+00
3.004410505294799805e+00
3.758717536926269531e+00
3.856618404388427734e+00
1.658066987991333008e+00
-1.737643331289291382e-01
-4.374281466007232666e-01
6.787838041782379150e-02
-7.378352433443069458e-02
-1.716980189085006714e-01
-2.134026437997817993e-01
-2.092383801937103271e-01
-1.669734120368957520e-01
-1.956481039524078369e-01
-1.209864243865013123e-01
-1.704671829938888550e-01
-2.439101971685886383e-02
-5.988339334726333618e-02
-7.300482690334320068e-02
-1.374316215515136719e-01
4.905433952808380127e-01
1.105474829673767090e+00
1.128342390060424805e+00
1.021913647651672363e+00
1.148832559585571289e+00
1.027648210525512695e+00
1.043855428695678711e+00
1.005716204643249512e+00
1.570609807968139648e+00
2.233262777328491211e+00
2.206170558929443359e+00
2.050600290298461914e+00
2.138905048370361328e+00
2.020717382431030273e+00
2.032925128936767578e+00
2.053961992263793945e+00
2.020226001739501953e+00
2.026152133941650391e+00
2.028508901596069336e+00
2.031398296356201172e+00
2.089661598205566406e+00
2.031187295913696289e+00
2.135416507720947266e+00
2.133879661560058594e+00
2.061642169952392578e+00
2.039840698242187500e+00
2.062201738357543945e+00
2.029424190521240234e+00
2.023293256759643555e+00
2.069394350051879883e+00
2.194446086883544922e+00
1.991463184356689453e+00
7.249531149864196777e-01
-1.017867475748062134e-01
-2.013957202434539795e-01
-5.346219241619110107e-02
-1.499299257993698120e-01
-1.520384252071380615e-01
-2.109601199626922607e-01
-1.889903694391250610e-01
-1.739792823791503906e-01
-1.944957822561264038e-01
-1.523254066705703735e-01
-1.598137468099594116e-01
-1.686618924140930176e-01
-1.944607496261596680e-01
4.842818379402160645e-01
1.051076889038085938e+00
1.121680974960327148e+00
9.870665669441223145e-01
1.106517314910888672e+00
9.871490001678466797e-01
1.086925506591796875e+00
1.105289936065673828e+00
1.052282810211181641e+00
1.010554790496826172e+00
2.176932573318481445e+00
3.285231351852416992e+00
3.242243051528930664e+00
2.999600648880004883e+00
3.020092964172363281e+00
2.983360528945922852e+00
2.953147649765014648e+00
2.985883951187133789e+00
2.915674686431884766e+00
2.950503110885620117e+00
3.428017616271972656e+00
4.138093471527099609e+00
4.061752319335937500e+00
3.992006063461303711e+00
4.040861129760742188e+00
3.919135093688964844e+00
3.965937137603759766e+00
3.936605930328369141e+00
3.949863433837890625e+00
3.911805629730224609e+00
3.896960258483886719e+00
4.005227565765380859e+00
4.164590835571289062e+00
3.802036046981811523e+00
2.363662004470825195e+00
4.475907608866691589e-02
-1.072250008583068848e-01
2.833828628063201904e-01
1.598958373069763184e-01
9.590139240026473999e-02
1.795765198767185211e-02
-1.178954690694808960e-01
3.130695223808288574e-01
9.964951872825622559e-01
9.851918816566467285e-01
9.615842700004577637e-01
1.152547001838684082e+00
1.007473587989807129e+00
1.076426029205322266e+00
1.056594729423522949e+00
1.008341670036315918e+00
9.926466345787048340e-01
1.367109894752502441e+00
1.816045284271240234e+00
2.032732725143432617e+00
3.154210090637207031e+00
3.261176824569702148e+00
2.960689783096313477e+00
3.962001323699951172e+00
5.035556793212890625e+00
5.281321048736572266e+00
4.999209880828857422e+00
5.026324272155761719e+00
4.897469043731689453e+00
5.689453125000000000e+00
6.990383148193359375e+00
6.955427169799804688e+00
6.752950191497802734e+00
7.087571620941162109e+00
7.894225120544433594e+00
7.944048404693603516e+00
7.855576992034912109e+00
8.133551597595214844e+00
8.719955444335937500e+00
8.976914405822753906e+00
9.736082077026367188e+00
1.007401561737060547e+01
9.687025070190429688e+00
9.802297592163085938e+00
1.008646297454833984e+01
1.088197422027587891e+01
9.303230285644531250e+00
3.336281061172485352e+00
-6.678138673305511475e-02
-1.086735427379608154e-01
6.017790436744689941e-01
2.551853060722351074e-01
9.408377110958099365e-02
6.827957183122634888e-02
-6.471977382898330688e-02
-1.954409293830394745e-02
-1.521944850683212280e-01
-4.842691868543624878e-02
-5.960322171449661255e-02
-1.236356273293495178e-01
-1.560954451560974121e-01
4.071716368198394775e-01
1.021513700485229492e+00
1.005355715751647949e+00
9.900076389312744141e-01
1.143725633621215820e+00
9.921623468399047852e-01
1.082793593406677246e+00
1.077506184577941895e+00
1.030900835990905762e+00
1.023028254508972168e+00
1.599467396736145020e+00
2.174853086471557617e+00
2.200872421264648438e+00
2.033441066741943359e+00
2.155977964401245117e+00
2.036782264709472656e+00
2.023610115051269531e+00
2.046681404113769531e+00
2.000435113906860352e+00
2.021665334701538086e+00
2.564913749694824219e+00
3.210141897201538086e+00
2.994935750961303711e+00
2.964226245880126953e+00
3.427346944808959961e+00
3.901855707168579102e+00
3.798524141311645508e+00
4.940107345581054688e+00
4.835535049438476562e+00
4.833066463470458984e+00
4.830884933471679688e+00
4.891670227050781250e+00
5.307489871978759766e+00
4.949424743652343750e+00
1.968405842781066895e+00
8.660662174224853516e-02
9.416975080966949463e-02
9.157825112342834473e-01
1.171722173690795898e+00
1.182653903961181641e+00
1.069527745246887207e+00
9.954212307929992676e-01
1.063871026039123535e+00
9.994283318519592285e-01
1.057862281799316406e+00
1.031646609306335449e+00
1.088808417320251465e+00
1.064996004104614258e+00
1.023686408996582031e+00
9.846521019935607910e-01
1.593374729156494141e+00
2.317448139190673828e+00
2.167279958724975586e+00
2.026200771331787109e+00
2.229780673980712891e+00
2.142459392547607422e+00
2.060293436050415039e+00
1.998934745788574219e+00
2.510779380798339844e+00
3.174244642257690430e+00
3.266676902770996094e+00
3.057713031768798828e+00
3.094576835632324219e+00
2.975702524185180664e+00
2.951762914657592773e+00
3.017663478851318359e+00
2.928730249404907227e+00
2.969448566436767578e+00
3.464722871780395508e+00
4.051527500152587891e+00
4.059652805328369141e+00
3.995960474014282227e+00
4.068937301635742188e+00
3.925179719924926758e+00
3.885394096374511719e+00
3.935606002807617188e+00
4.380782127380371094e+00
4.993564605712890625e+00
4.973266601562500000e+00
4.974312305450439453e+00
5.458337783813476562e+00
4.927712917327880859e+00
1.510603666305541992e+00
-4.063095450401306152e-01
-4.935502409934997559e-01
1.306385517120361328e+00
1.307376742362976074e+00
1.054129004478454590e+00
9.036051034927368164e-01
9.971202611923217773e-01
1.087030053138732910e+00
1.047031044960021973e+00
1.047971010208129883e+00
1.004090905189514160e+00
1.569588661193847656e+00
2.237796068191528320e+00
2.117940425872802734e+00
1.972475528717041016e+00
2.595648765563964844e+00
3.216112613677978516e+00
3.217679738998413086e+00
2.979260444641113281e+00
3.040671110153198242e+00
3.017460346221923828e+00
2.976839303970336914e+00
2.961754322052001953e+00
3.399245262145996094e+00
3.956266880035400391e+00
3.963799476623535156e+00
3.986915826797485352e+00
4.054971218109130859e+00
3.971758365631103516e+00
4.441119194030761719e+00
5.059865474700927734e+00
5.188906192779541016e+00
4.972751617431640625e+00
5.371004104614257812e+00
5.998508453369140625e+00
6.052328586578369141e+00
5.966023445129394531e+00
6.005237579345703125e+00
5.875138759613037109e+00
5.786338329315185547e+00
5.844020843505859375e+00
5.850089550018310547e+00
5.889227390289306641e+00
5.837841033935546875e+00
5.895510196685791016e+00
6.217036724090576172e+00
6.029956340789794922e+00
1.967391252517700195e+00
-1.280983984470367432e-01
-3.478505313396453857e-01
1.596674174070358276e-01
1.345316022634506226e-01
-9.729704819619655609e-03
-5.618261545896530151e-02
-7.545805722475051880e-02
-4.201610013842582703e-02
-1.253523379564285278e-01
-1.688745766878128052e-01
-1.573087573051452637e-01
-3.627869859337806702e-02
-8.389690518379211426e-02
-7.243945449590682983e-02
-6.985903531312942505e-02
-5.209833011031150818e-02
-6.991808861494064331e-02
-9.033059328794479370e-02
-7.859184592962265015e-02
-8.542039990425109863e-02
-7.892311364412307739e-02
-7.819811254739761353e-02
-3.170285746455192566e-02
-1.153010949492454529e-01
-1.195023506879806519e-01
4.509051144123077393e-01
1.178222417831420898e+00
1.189275383949279785e+00
1.036832571029663086e+00
1.521765708923339844e+00
2.142697572708129883e+00
2.136866807937622070e+00
2.007023811340332031e+00
2.114346027374267578e+00
1.999414324760437012e+00
2.013173103332519531e+00
2.039841175079345703e+00
1.982985377311706543e+00
2.008890867233276367e+00
2.522343397140502930e+00
3.159349203109741211e+00
3.123043537139892578e+00
3.021292209625244141e+00
3.066496133804321289e+00
3.044285774230957031e+00
3.280555009841918945e+00
2.757670402526855469e+00
1.225982069969177246e+00
2.579905688762664795e-01
4.591698646545410156e-01
8.452296257019042969e-01
9.917579293251037598e-01
1.114772200584411621e+00
1.024171710014343262e+00
1.051272153854370117e+00
1.000936985015869141e+00
9.874424934387207031e-01
1.049706220626831055e+00
1.063906669616699219e+00
1.032803773880004883e+00
9.228873848915100098e-01
1.607496142387390137e+00
2.312015771865844727e+00
2.214269161224365234e+00
2.013012170791625977e+00
2.209537982940673828e+00
2.046069622039794922e+00
2.030433177947998047e+00
1.991918683052062988e+00
2.423316001892089844e+00
2.915794134140014648e+00
2.852274656295776367e+00
3.872683048248291016e+00
3.890002727508544922e+00
3.904908895492553711e+00
4.019202709197998047e+00
3.941168546676635742e+00
3.978762149810791016e+00
3.908668756484985352e+00
3.919447183609008789e+00
3.914993047714233398e+00
3.927610635757446289e+00
3.917285203933715820e+00
3.932278394699096680e+00
3.928869485855102539e+00
3.949277400970458984e+00
3.931136846542358398e+00
3.935177803039550781e+00
3.979553937911987305e+00
4.783544540405273438e+00
5.781186103820800781e+00
5.961381435394287109e+00
6.860298156738281250e+00
7.773496627807617188e+00
6.991404056549072266e+00
2.028903484344482422e+00
-4.158806800842285156e-01
-6.642957925796508789e-01
1.403741240501403809e-01
3.372910246253013611e-02
-2.049000412225723267e-01
-2.204993665218353271e-01
-1.938577443361282349e-01
-1.143843382596969604e-01
-1.553457826375961304e-01
-1.778581887483596802e-01
-1.582477539777755737e-01
-5.793144926428794861e-02
-7.887834310531616211e-02
-8.090734481811523438e-02
-1.173077151179313660e-01
4.343872368335723877e-01
1.119736433029174805e+00
1.069910764694213867e+00
1.032492399215698242e+00
1.099579453468322754e+00
1.008943676948547363e+00
1.543045639991760254e+00
2.049717664718627930e+00
2.004571676254272461e+00
3.067625999450683594e+00
3.073393583297729492e+00
2.974355697631835938e+00
3.011841535568237305e+00
2.941562652587890625e+00
3.026376008987426758e+00
2.983596801757812500e+00
2.948184967041015625e+00
2.963443040847778320e+00
2.955481290817260742e+00
2.960251808166503906e+00
2.948827505111694336e+00
2.966032505035400391e+00
3.010810136795043945e+00
2.971000432968139648e+00
2.936884403228759766e+00
2.992374420166015625e+00
3.471740722656250000e+00
4.067974090576171875e+00
4.176239967346191406e+00
4.051030635833740234e+00
4.415410518646240234e+00
3.910470724105834961e+00
1.328665733337402344e+00
-3.186081349849700928e-01
-4.461023807525634766e-01
2.812927961349487305e+00
2.438717365264892578e+00
2.097324848175048828e+00
1.774466872215270996e+00
1.891249537467956543e+00
1.933699846267700195e+00
1.864434719085693359e+00
2.032098293304443359e+00
1.979767441749572754e+00
1.991436839103698730e+00
1.937722444534301758e+00
2.382699966430664062e+00
2.985256671905517578e+00
2.968202590942382812e+00
4.110362052917480469e+00
4.050718784332275391e+00
3.889719724655151367e+00
4.231649398803710938e+00
4.832076072692871094e+00
4.917956352233886719e+00
4.874062061309814453e+00
5.376236915588378906e+00
6.058912277221679688e+00
5.948157787322998047e+00
6.017164230346679688e+00
5.929139614105224609e+00
5.846315383911132812e+00
6.550926685333251953e+00
7.777361869812011719e+00
8.123517990112304688e+00
7.938222408294677734e+00
8.208232879638671875e+00
8.846509933471679688e+00
9.073582649230957031e+00
1.049053478240966797e+01
1.088443946838378906e+01
1.051408863067626953e+01
1.097098541259765625e+01
1.121233844757080078e+01
1.090339279174804688e+01
1.081688117980957031e+01
1.097151947021484375e+01
1.115007972717285156e+01
1.204901695251464844e+01
9.624732971191406250e+00
3.572599887847900391e+00
-4.908533394336700439e-01
-9.842514991760253906e-01
6.556016802787780762e-01
1.053962945938110352e+00
2.210733652114868164e+00
2.904481410980224609e+00
4.146388053894042969e+00
4.796742916107177734e+00
4.507651805877685547e+00
4.691893100738525391e+00
5.321288585662841797e+00
5.424862861633300781e+00
5.503204822540283203e+00
5.639790058135986328e+00
5.743721008300781250e+00
5.764303684234619141e+00
5.784567356109619141e+00
5.863186359405517578e+00
5.915205001831054688e+00
5.891250133514404297e+00
5.923446178436279297e+00
6.343467712402343750e+00
7.334742069244384766e+00
7.784981250762939453e+00
7.868180274963378906e+00
8.087197303771972656e+00
8.009676933288574219e+00
8.078531265258789062e+00
7.623137950897216797e+00
8.213751792907714844e+00
9.262281417846679688e+00
9.714385032653808594e+00
9.913476943969726562e+00
1.014326381683349609e+01
1.006285762786865234e+01
9.907144546508789062e+00
1.036680126190185547e+01
1.069610214233398438e+01
1.144420528411865234e+01
1.195240783691406250e+01
1.128430938720703125e+01
1.159795379638671875e+01
1.233931350708007812e+01
1.228761291503906250e+01
1.263133621215820312e+01
1.387398815155029297e+01
1.347088432312011719e+01
4.762391090393066406e+00
-6.734688878059387207e-01
-1.290923953056335449e+00
4.880254566669464111e-01
4.106878042221069336e-01
-1.824625954031944275e-02
7.764653116464614868e-02
6.328242272138595581e-02
1.122270151972770691e-02
3.268548101186752319e-02
-1.032004132866859436e-01
-1.050884351134300232e-01
-1.413049995899200439e-01
-1.293947696685791016e-01
-1.534056812524795532e-01
-1.560080051422119141e-01
-1.830680221319198608e-01
-1.423655003309249878e-01
-1.626061946153640747e-01
-1.413166821002960205e-01
-1.466973423957824707e-01
-1.449670046567916870e-01
-1.401607990264892578e-01
-1.301650404930114746e-01
-1.270218491554260254e-01
-1.114458814263343811e-01
-1.326703429222106934e-01
-1.233333945274353027e-01
-9.862781316041946411e-02
-6.555363535881042480e-02
-1.066309139132499695e-01
-1.588176637887954712e-01
3.579084277153015137e-01
1.176378130912780762e+00
1.120797157287597656e+00
1.063364982604980469e+00
1.154529809951782227e+00
9.961525797843933105e-01
1.546705961227416992e+00
2.130416393280029297e+00
2.101734638214111328e+00
3.106342792510986328e+00
3.140650749206542969e+00
3.065660953521728516e+00
2.997723102569580078e+00
3.003620386123657227e+00
3.836460590362548828e+00
4.365125179290771484e+00
1.589537978172302246e+00
-3.197380602359771729e-01
-5.268198251724243164e-01
-1.000208780169487000e-02
-1.201934516429901123e-01
-1.369510889053344727e-01
-2.075383812189102173e-01
-1.988573223352432251e-01
-1.760438233613967896e-01
-1.912959814071655273e-01
-1.460474580526351929e-01
-1.649419814348220825e-01
-1.363219618797302246e-01
-1.705826967954635620e-01
-1.275560706853866577e-01
-9.288846701383590698e-02
-6.638489663600921631e-02
-8.284598588943481445e-02
5.500233173370361328e-01
1.160109758377075195e+00
1.248971939086914062e+00
9.958313703536987305e-01
1.464403390884399414e+00
1.980693101882934570e+00
2.245076656341552734e+00
3.134764671325683594e+00
3.336270809173583984e+00
3.051274299621582031e+00
3.042736291885375977e+00
2.970920801162719727e+00
3.466719627380371094e+00
4.067451953887939453e+00
4.197643280029296875e+00
4.057280063629150391e+00
3.991593837738037109e+00
3.917433023452758789e+00
4.225998401641845703e+00
4.588880062103271484e+00
4.707229614257812500e+00
6.423744678497314453e+00
7.306405544281005859e+00
6.813163757324218750e+00
6.701736927032470703e+00
6.869440555572509766e+00
7.015053272247314453e+00
6.780065059661865234e+00
7.857222557067871094e+00
8.062810897827148438e+00
2.854931116104125977e+00
-5.296700596809387207e-01
-8.030418753623962402e-01
1.361234039068222046e-01
5.422045290470123291e-02
-1.916387677192687988e-01
-2.357997000217437744e-01
-2.079973220825195312e-01
-1.143606528639793396e-01
-1.697150915861129761e-01
-1.740539222955703735e-01
-1.585736721754074097e-01
-1.649137586355209351e-01
-1.596424281597137451e-01
-8.116950839757919312e-02
-5.019521713256835938e-02
-6.368993967771530151e-02
-6.057692319154739380e-02
-9.110654145479202271e-02
-8.278563618659973145e-02
-7.201328128576278687e-02
-3.838654607534408569e-02
-7.370760291814804077e-02
-8.451483398675918579e-02
3.578902482986450195e-01
8.883535861968994141e-01
9.442224502563476562e-01
2.192479372024536133e+00
2.217135906219482422e+00
2.030515432357788086e+00
2.111033678054809570e+00
2.004302740097045898e+00
2.087128877639770508e+00
2.041870117187500000e+00
1.986824750900268555e+00
2.007310628890991211e+00
2.502579689025878906e+00
3.162513017654418945e+00
3.058913707733154297e+00
2.995954751968383789e+00
3.087369203567504883e+00
2.994571924209594727e+00
2.969874382019042969e+00
3.009930610656738281e+00
2.944139719009399414e+00
3.002667188644409180e+00
3.170612573623657227e+00
2.959417581558227539e+00
1.219497084617614746e+00
-2.515398263931274414e-01
-3.398404717445373535e-01
5.046808719635009766e-02
-7.370841503143310547e-02
-1.544347107410430908e-01
-1.741261035203933716e-01
-1.864224374294281006e-01
-1.851529926061630249e-01
-2.350135445594787598e-01
3.432988524436950684e-01
1.028285622596740723e+00
9.957469701766967773e-01
9.776928424835205078e-01
1.092424511909484863e+00
9.822242259979248047e-01
1.596799135208129883e+00
2.211260795593261719e+00
2.149914503097534180e+00
2.041781425476074219e+00
2.125260829925537109e+00
2.023864030838012695e+00
2.521822452545166016e+00
3.171146392822265625e+00
3.137973546981811523e+00
3.001655578613281250e+00
3.082190990447998047e+00
2.998522996902465820e+00
2.903007507324218750e+00
2.973676204681396484e+00
3.421470642089843750e+00
4.000304222106933594e+00
4.023353099822998047e+00
4.026857852935791016e+00
4.028083801269531250e+00
3.972602128982543945e+00
3.890766382217407227e+00
3.924553632736206055e+00
4.361548900604248047e+00
5.009683609008789062e+00
5.195525646209716797e+00
4.972465038299560547e+00
4.997883796691894531e+00
4.913600921630859375e+00
4.885225296020507812e+00
4.976721286773681641e+00
5.277238845825195312e+00
4.846229076385498047e+00
1.754791378974914551e+00
-3.855910003185272217e-01
-4.566605091094970703e-01
1.010961383581161499e-01
9.164335206151008606e-03
-1.312857121229171753e-01
-1.878142058849334717e-01
-1.973002403974533081e-01
-1.446573138236999512e-01
-1.720004230737686157e-01
-1.676481217145919800e-01
-1.509905755519866943e-01
-1.437793225049972534e-01
-1.506354659795761108e-01
-8.457177877426147461e-02
-9.244752675294876099e-02
-8.091448247432708740e-02
-4.976044222712516785e-02
-1.354055255651473999e-01
-1.219536364078521729e-01
4.437782168388366699e-01
1.102477788925170898e+00
1.110366106033325195e+00
1.016633152961730957e+00
1.516241788864135742e+00
2.107959508895874023e+00
2.172946453094482422e+00
2.017397880554199219e+00
2.101202011108398438e+00
2.012104272842407227e+00
2.001971006393432617e+00
2.020674943923950195e+00
2.001272201538085938e+00
2.041699647903442383e+00
2.009399652481079102e+00
2.028704643249511719e+00
2.028641939163208008e+00
2.031337738037109375e+00
2.051101684570312500e+00
2.041993379592895508e+00
2.050298929214477539e+00
2.024768829345703125e+00
2.040626525878906250e+00
2.027986526489257812e+00
2.021094083786010742e+00
2.098026514053344727e+00
2.158606529235839844e+00
1.989424228668212891e+00
7.792246937751770020e-01
-2.934404416009783745e-03
-3.760670870542526245e-02
1.137909013777971268e-02
-1.476301550865173340e-01
-1.649095267057418823e-01
-2.082405090332031250e-01
-1.939192265272140503e-01
-1.794316619634628296e-01
-1.953976154327392578e-01
-1.521685272455215454e-01
-1.829281896352767944e-01
-5.199044942855834961e-02
-9.409350901842117310e-02
6.470841821283102036e-03
-2.552581392228603363e-02
-4.239685460925102234e-02
-5.977680906653404236e-02
-7.275888323783874512e-02
-3.529883548617362976e-02
-7.007707655429840088e-02
-7.758618146181106567e-02
4.351712763309478760e-01
1.074038743972778320e+00
1.086530327796936035e+00
1.025320410728454590e+00
1.124225020408630371e+00
9.912524223327636719e-01
1.075991630554199219e+00
1.077751517295837402e+00
1.039792537689208984e+00
1.015156745910644531e+00
1.598199725151062012e+00
2.303313970565795898e+00
2.225714445114135742e+00
2.069565773010253906e+00
2.199321746826171875e+00
2.045650005340576172e+00
2.027852296829223633e+00
2.030171155929565430e+00
2.020056486129760742e+00
2.015775918960571289e+00
2.027848720550537109e+00
2.026125669479370117e+00
2.004303932189941406e+00
2.040518283843994141e+00
2.184153556823730469e+00
1.992951750755310059e+00
2.095892429351806641e+00
-1.105445325374603271e-01
-2.548887431621551514e-01
2.180329896509647369e-02
-4.705819115042686462e-02
-1.592036038637161255e-01
-1.736293584108352661e-01
-2.184028774499893188e-01
-1.717593371868133545e-01
-2.052082717418670654e-01
-1.265435963869094849e-01
-1.613651514053344727e-01
-3.680513426661491394e-02
-8.841661363840103149e-02
-5.150797963142395020e-02
-7.435165345668792725e-02
-8.058012276887893677e-02
-8.833549916744232178e-02
-9.171668440103530884e-02
-9.084080904722213745e-02
-1.089989766478538513e-01
-1.045712530612945557e-01
-9.069123119115829468e-02
-9.906616061925888062e-02
-8.916822075843811035e-02
-7.640498876571655273e-02
-7.577846199274063110e-02
-2.113037183880805969e-02
-8.628329634666442871e-02
-9.697940200567245483e-02
4.366737008094787598e-01
1.129482507705688477e+00
1.148737192153930664e+00
1.051840901374816895e+00
1.142335295677185059e+00
9.961571097373962402e-01
1.063496708869934082e+00
1.040087461471557617e+00
1.059857606887817383e+00
1.063559532165527344e+00
1.035447001457214355e+00
1.002294063568115234e+00
1.630856513977050781e+00
2.286122560501098633e+00
2.146825313568115234e+00
2.105604171752929688e+00
2.819996356964111328e+00
2.959120035171508789e+00
1.917631268501281738e+00
-4.283308982849121094e-02
6.218477711081504822e-02
7.843897342681884766e-01
7.987470626831054688e-01
1.062595009803771973e+00
1.017030715942382812e+00
1.122681260108947754e+00
1.057976722717285156e+00
1.096165180206298828e+00
1.090228915214538574e+00
1.098536610603332520e+00
1.064119219779968262e+00
1.073733687400817871e+00
1.022032260894775391e+00
9.396294355392456055e-01
1.605628609657287598e+00
2.291210412979125977e+00
2.042368888854980469e+00
1.981196999549865723e+00
2.318615913391113281e+00
2.162335395812988281e+00
2.017682790756225586e+00
1.967306852340698242e+00
3.124565124511718750e+00
4.353940486907958984e+00
4.560369968414306641e+00
4.034048080444335938e+00
4.127852916717529297e+00
4.023427009582519531e+00
3.960474491119384766e+00
3.976195812225341797e+00
3.890285491943359375e+00
3.901815652847290039e+00
4.319664478302001953e+00
5.017084121704101562e+00
4.926189422607421875e+00
4.906504631042480469e+00
5.010985851287841797e+00
4.904391765594482422e+00
4.872118473052978516e+00
4.914337635040283203e+00
5.269148826599121094e+00
5.923568248748779297e+00
5.834083080291748047e+00
5.872252464294433594e+00
6.430266857147216797e+00
6.462293624877929688e+00
1.948657035827636719e+00
-3.454771041870117188e-01
-5.590366125106811523e-01
1.051434352993965149e-01
1.090658158063888550e-01
-3.747838363051414490e-02
-1.356886178255081177e-01
-1.446045786142349243e-01
-9.958058595657348633e-02
-1.499451696872711182e-01
-1.539928019046783447e-01
-1.460753530263900757e-01
-1.289830356836318970e-01
-1.159847304224967957e-01
-1.157175377011299133e-01
-1.123373284935951233e-01
-1.019874215126037598e-01
-3.859939053654670715e-02
-1.255270689725875854e-01
-1.473616659641265869e-01
1.034171700477600098e+00
2.208572387695312500e+00
2.281893253326416016e+00
2.034068107604980469e+00
2.077993631362915039e+00
2.033403635025024414e+00
2.067559003829956055e+00
2.027014493942260742e+00
2.009317159652709961e+00
2.018703699111938477e+00
2.002808809280395508e+00
2.053327798843383789e+00
1.990226626396179199e+00
2.029999494552612305e+00
2.015678405761718750e+00
2.023128986358642578e+00
2.023705244064331055e+00
2.045039176940917969e+00
2.006395101547241211e+00
1.993286252021789551e+00
2.420114517211914062e+00
2.978454828262329102e+00
2.989564895629882812e+00
4.148253440856933594e+00
4.070380210876464844e+00
3.946346759796142578e+00
5.045769691467285156e+00
4.690024852752685547e+00
1.828495383262634277e+00
-2.671227753162384033e-01
-5.424410700798034668e-01
1.819213926792144775e-01
4.269762709736824036e-02
-4.711788892745971680e-02
-1.384836733341217041e-01
-1.482599377632141113e-01
-9.607367962598800659e-02
-1.666004508733749390e-01
-1.513932347297668457e-01
-1.796303838491439819e-01
-1.915766298770904541e-02
-3.076225332915782928e-02
-6.693598628044128418e-02
-1.625192463397979736e-01
1.072987794876098633e+00
2.267462730407714844e+00
2.356176853179931641e+00
2.011500120162963867e+00
2.099147081375122070e+00
2.001701831817626953e+00
2.044378757476806641e+00
1.996271371841430664e+00
1.993279457092285156e+00
2.012606620788574219e+00
1.993087410926818848e+00
2.033613920211791992e+00
2.016721963882446289e+00
2.052457094192504883e+00
2.008787631988525391e+00
2.028063297271728516e+00
2.026666879653930664e+00
2.069959163665771484e+00
1.995947837829589844e+00
1.985373020172119141e+00
2.526479244232177734e+00
3.225106000900268555e+00
3.201985359191894531e+00
3.001538515090942383e+00
3.048429727554321289e+00
2.965367078781127930e+00
2.941130161285400391e+00
2.991556882858276367e+00
2.914494991302490234e+00
2.966964483261108398e+00
3.162966966629028320e+00
2.929183721542358398e+00
1.206044077873229980e+00
-2.318572103977203369e-01
-3.866679668426513672e-01
-5.739187356084585190e-03
-8.875437825918197632e-02
-1.479745805263519287e-01
-1.756217032670974731e-01
-2.179624289274215698e-01
-1.510723382234573364e-01
-1.311833560466766357e-01
-1.812844723463058472e-01
-2.215802967548370361e-01
9.711708426475524902e-01
2.106777429580688477e+00
2.239792585372924805e+00
1.966610312461853027e+00
2.082231760025024414e+00
1.981694340705871582e+00
2.028872251510620117e+00
1.968917846679687500e+00
1.982721328735351562e+00
1.994263887405395508e+00
1.998731017112731934e+00
2.053869962692260742e+00
1.970276713371276855e+00
1.973548889160156250e+00
2.501058578491210938e+00
3.206615447998046875e+00
3.019589900970458984e+00
2.991721868515014648e+00
3.071318387985229492e+00
2.997269630432128906e+00
2.912785768508911133e+00
2.962734699249267578e+00
3.424784421920776367e+00
4.034977436065673828e+00
4.034519195556640625e+00
3.970380783081054688e+00
4.043215751647949219e+00
3.942583799362182617e+00
3.975352287292480469e+00
3.958184957504272461e+00
3.905102968215942383e+00
3.906578540802001953e+00
3.887713193893432617e+00
3.987538099288940430e+00
4.187566757202148438e+00
3.725632190704345703e+00
1.582020282745361328e+00
6.078392639756202698e-02
3.004584833979606628e-02
8.192591667175292969e-01
1.017257094383239746e+00
1.034477353096008301e+00
1.037955164909362793e+00
9.877628684043884277e-01
1.017068028450012207e+00
9.979416131973266602e-01
1.039567589759826660e+00
1.025643587112426758e+00
1.039632201194763184e+00
1.048181414604187012e+00
1.029263377189636230e+00
9.675966501235961914e-01
1.512903213500976562e+00
2.151873350143432617e+00
2.092629432678222656e+00
2.984022855758666992e+00
3.024343967437744141e+00
3.991613388061523438e+00
4.031124591827392578e+00
3.896123170852661133e+00
3.995961904525756836e+00
3.888887882232666016e+00
3.937676668167114258e+00
3.889212369918823242e+00
3.879277467727661133e+00
3.916380405426025391e+00
3.889415979385375977e+00
3.935731887817382812e+00
3.904774665832519531e+00
3.921862602233886719e+00
3.859040975570678711e+00
3.894461393356323242e+00
4.326891899108886719e+00
5.046160697937011719e+00
5.185526847839355469e+00
4.940168380737304688e+00
5.042435646057128906e+00
4.905395507812500000e+00
4.912134647369384766e+00
4.935991287231445312e+00
4.854681968688964844e+00
4.940625190734863281e+00
5.316387176513671875e+00
4.900990486145019531e+00
1.458564400672912598e+00
-3.147690594196319580e-01
-5.630983114242553711e-01
6.951689720153808594e-02
2.589959092438220978e-02
-1.008529514074325562e-01
-1.541405916213989258e-01
-1.797087490558624268e-01
-1.416413038969039917e-01
-1.572221368551254272e-01
-1.581573933362960815e-01
-1.565751582384109497e-01
-1.516896337270736694e-01
-1.383316665887832642e-01
-9.915392845869064331e-02
-1.048549860715866089e-01
-6.804823130369186401e-02
-8.643919974565505981e-02
-1.022353097796440125e-01
-9.138670563697814941e-02
-9.106549620628356934e-02
-8.606152981519699097e-02
-1.013998314738273621e-01
-8.100451529026031494e-02
-7.210526615381240845e-02
2.561601286288350821e-04
-9.323255717754364014e-02
-1.995008885860443115e-01
1.601067662239074707e+00
3.191851615905761719e+00
3.442963123321533203e+00
2.993441343307495117e+00
3.183915376663208008e+00
3.845689296722412109e+00
3.949381113052368164e+00
4.908328533172607422e+00
5.177588939666748047e+00
4.939698696136474609e+00
5.298340320587158203e+00
5.874661922454833984e+00
6.053249835968017578e+00
6.834479331970214844e+00
7.104633331298828125e+00
6.882186412811279297e+00
6.969950199127197266e+00
6.909472465515136719e+00
7.990995407104492188e+00
7.339627742767333984e+00
2.685252428054809570e+00
-6.617374420166015625e-01
-9.000136852264404297e-01
1.453226059675216675e-01
9.734620153903961182e-02
-1.474429517984390259e-01
-1.297414600849151611e-01
-1.540990620851516724e-01
-1.220574602484703064e-01
-1.749215126037597656e-01
-1.615645289421081543e-01
-1.501241177320480347e-01
-1.616834402084350586e-01
-1.535635441541671753e-01
-1.440447270870208740e-01
-7.380445301532745361e-02
-1.081516519188880920e-01
-7.510326057672500610e-02
-6.668437272310256958e-02
-6.151752918958663940e-02
-8.617638796567916870e-02
-8.123618364334106445e-02
-7.348259538412094116e-02
-4.773403704166412354e-02
-1.019908264279365540e-01
-1.123921647667884827e-01
4.405613541603088379e-01
1.067460775375366211e+00
1.076837539672851562e+00
1.038128495216369629e+00
1.117320895195007324e+00
1.040572643280029297e+00
1.022359132766723633e+00
9.692815542221069336e-01
2.124083757400512695e+00
3.237396478652954102e+00
3.269131898880004883e+00
3.012825250625610352e+00
3.106229543685913086e+00
3.042977094650268555e+00
3.026442527770996094e+00
3.010501384735107422e+00
2.976137876510620117e+00
2.943770408630371094e+00
3.329520940780639648e+00
4.057017803192138672e+00
4.668883800506591797e+00
3.863097906112670898e+00
1.137815594673156738e+00
-3.543577194213867188e-01
-4.973911046981811523e-01
2.464458346366882324e-02
-2.564359270036220551e-02
-1.395590901374816895e-01
-1.637778282165527344e-01
-2.071130126714706421e-01
-1.672041118144989014e-01
-1.617058217525482178e-01
-1.687352210283279419e-01
-1.633742004632949829e-01
-6.018870696425437927e-02
-6.887495517730712891e-02
-6.955842673778533936e-02
-1.154219582676887512e-01
4.440189599990844727e-01
1.124848246574401855e+00
1.096517801284790039e+00
1.034302711486816406e+00
1.089615941047668457e+00
9.995535612106323242e-01
1.595121979713439941e+00
2.311698675155639648e+00
2.310257434844970703e+00
2.051481962203979492e+00
2.198118925094604492e+00
2.064094305038452148e+00
2.037115812301635742e+00
2.079426288604736328e+00
2.043580055236816406e+00
2.056335449218750000e+00
2.076855182647705078e+00
2.059630870819091797e+00
2.033050060272216797e+00
2.038016557693481445e+00
2.059992790222167969e+00
2.029995203018188477e+00
2.065021276473999023e+00
2.086769342422485352e+00
2.070382833480834961e+00
2.073333501815795898e+00
2.588809013366699219e+00
3.177205562591552734e+00
3.146777868270874023e+00
3.042433500289916992e+00
3.822900772094726562e+00
3.968066215515136719e+00
1.294350385665893555e+00
-2.742206454277038574e-01
-4.828292429447174072e-01
4.989201202988624573e-02
-7.885400205850601196e-02
-1.495473831892013550e-01
-2.117253541946411133e-01
-2.020595669746398926e-01
-1.401791274547576904e-01
-1.881417483091354370e-01
-1.394954919815063477e-01
-1.785351783037185669e-01
-8.310003578662872314e-02
-1.177890449762344360e-01
-9.771965444087982178e-02
-1.543123871088027954e-01
4.567797482013702393e-01
1.089880108833312988e+00
1.071856617927551270e+00
1.000354170799255371e+00
1.096975684165954590e+00
9.854503273963928223e-01
1.072873950004577637e+00
1.050533652305603027e+00
1.050458312034606934e+00
1.075604200363159180e+00
1.048389315605163574e+00
1.045036792755126953e+00
1.464920282363891602e+00
2.005038261413574219e+00
2.047272443771362305e+00
3.153561353683471680e+00
3.120712518692016602e+00
2.961349010467529297e+00
3.635136842727661133e+00
4.229784011840820312e+00
5.335513591766357422e+00
4.108963012695312500e+00
4.392161369323730469e+00
4.898559093475341797e+00
4.669146537780761719e+00
5.800079345703125000e+00
6.032653808593750000e+00
5.971700191497802734e+00
5.747263431549072266e+00
5.842604160308837891e+00
6.850232124328613281e+00
6.721327304840087891e+00
2.395342588424682617e+00
-6.073716282844543457e-01
-8.302634954452514648e-01
1.580503135919570923e-01
4.418672993779182434e-02
-1.885554343461990356e-01
-2.320155352354049683e-01
-1.943217068910598755e-01
-8.888383209705352783e-02
-1.686148494482040405e-01
-1.631474047899246216e-01
-1.672342866659164429e-01
-5.005975812673568726e-02
-9.128742665052413940e-02
-9.480682760477066040e-02
-8.553396165370941162e-02
-8.651009202003479004e-02
-1.300190240144729614e-01
4.184895753860473633e-01
1.074325203895568848e+00
1.063781738281250000e+00
1.018836140632629395e+00
1.096434831619262695e+00
9.913862943649291992e-01
1.064974784851074219e+00
1.058324694633483887e+00
1.041189908981323242e+00
1.040459394454956055e+00
1.052933812141418457e+00
1.073340654373168945e+00
1.054619193077087402e+00
1.056905150413513184e+00
1.095975637435913086e+00
1.145102977752685547e+00
1.058603286743164062e+00
1.005844831466674805e+00
2.084152221679687500e+00
3.128432989120483398e+00
3.187940359115600586e+00
3.855864524841308594e+00
4.021906375885009766e+00
4.677561283111572266e+00
4.957511901855468750e+00
5.690999984741210938e+00
5.909149169921875000e+00
5.871788978576660156e+00
6.400262832641601562e+00
5.825663566589355469e+00
2.170612335205078125e+00
3.826819956302642822e-01
2.180849015712738037e-02
8.375305533409118652e-01
1.113070130348205566e+00
1.206062912940979004e+00
1.098538637161254883e+00
1.044375538825988770e+00
1.093019604682922363e+00
1.020860314369201660e+00
1.099731922149658203e+00
1.042511224746704102e+00
1.050576090812683105e+00
1.032149434089660645e+00
1.032065153121948242e+00
1.035002112388610840e+00
1.036680102348327637e+00
1.044920802116394043e+00
1.042056322097778320e+00
1.054108023643493652e+00
1.056869149208068848e+00
1.067976474761962891e+00
1.055083036422729492e+00
1.076937794685363770e+00
1.088835358619689941e+00
1.093656182289123535e+00
1.086363554000854492e+00
1.129847288131713867e+00
1.064922213554382324e+00
1.011501789093017578e+00
1.596369862556457520e+00
2.341261386871337891e+00
2.225262641906738281e+00
2.064572811126708984e+00
2.197603464126586914e+00
2.063678503036499023e+00
1.995834946632385254e+00
1.980589866638183594e+00
2.515525341033935547e+00
3.166559457778930664e+00
2.999087572097778320e+00
2.953651905059814453e+00
3.039909601211547852e+00
2.981613636016845703e+00
2.931669712066650391e+00
2.973593473434448242e+00
3.162189483642578125e+00
2.926880359649658203e+00
1.336862564086914062e+00
-2.151599079370498657e-01
-3.710975944995880127e-01
-4.829956963658332825e-02
-9.241394698619842529e-02
-1.133365035057067871e-01
-1.820386797189712524e-01
-2.231334894895553589e-01
-1.838480234146118164e-01
-1.894835531711578369e-01
-1.582667231559753418e-01
-1.718088239431381226e-01
-1.469272226095199585e-01
-1.684360802173614502e-01
-3.338144347071647644e-02
-4.578387737274169922e-02
-8.984634280204772949e-02
-5.350485816597938538e-02
-5.064086243510246277e-02
-7.427086681127548218e-02
-9.804168343544006348e-02
-7.855582982301712036e-02
-9.656587988138198853e-02
-8.551286906003952026e-02
-8.340778201818466187e-02
-6.568828225135803223e-02
-8.941935002803802490e-02
-7.375708222389221191e-02
-6.155905872583389282e-02
-7.109668850898742676e-02
-7.268782705068588257e-02
-6.611997634172439575e-02
-6.539237499237060547e-02
-4.002830758690834045e-02
-6.610034406185150146e-02
-4.596719890832901001e-02
-1.934228092432022095e-02
-8.824302814900875092e-03
-7.836829125881195068e-02
-5.307608842849731445e-02
-5.111716687679290771e-02
-6.297013163566589355e-02
-5.000054463744163513e-02
-3.003530204296112061e-02
-6.737741827964782715e-02
2.210780419409275055e-02
6.533505916595458984e-01
8.885288238525390625e-01
8.792136311531066895e-01
2.143779695034027100e-01
8.232746720314025879e-01
1.174710512161254883e+00
1.284356713294982910e+00
1.130473732948303223e+00
9.328589439392089844e-01
8.514680266380310059e-01
9.779953956604003906e-01
9.488378763198852539e-01
8.693026900291442871e-01
9.445307254791259766e-01
9.881843328475952148e-01
9.910016059875488281e-01
1.050590753555297852e+00
1.045262336730957031e+00
1.057018637657165527e+00
1.051777720451354980e+00
1.051179289817810059e+00
1.068218588829040527e+00
1.038902759552001953e+00
1.052055478096008301e+00
1.066003799438476562e+00
1.087753534317016602e+00
1.055390954017639160e+00
1.038512706756591797e+00
1.622274637222290039e+00
2.277993679046630859e+00
2.168562173843383789e+00
2.051311254501342773e+00
2.139685869216918945e+00
2.052131414413452148e+00
1.994118213653564453e+00
1.954682230949401855e+00
2.508308649063110352e+00
3.272103548049926758e+00
3.284854888916015625e+00
2.967066049575805664e+00
3.595842599868774414e+00
4.175823688507080078e+00
4.234477043151855469e+00
4.036426544189453125e+00
4.082477569580078125e+00
4.031239509582519531e+00
3.983157396316528320e+00
4.001478672027587891e+00
4.218891620635986328e+00
4.199047565460205078e+00
1.617356181144714355e+00
-3.011789321899414062e-01
-4.676247835159301758e-01
5.684921890497207642e-02
-3.932877257466316223e-02
-1.278334707021713257e-01
-1.680394262075424194e-01
-2.125785201787948608e-01
-1.633774340152740479e-01
-1.770945787429809570e-01
-1.520841717720031738e-01
-1.577818244695663452e-01
-1.407501846551895142e-01
-1.357382684946060181e-01
-9.531135857105255127e-02
-1.336242556571960449e-01
4.138967096805572510e-01
1.082011580467224121e+00
1.065254330635070801e+00
1.017454385757446289e+00
1.078888416290283203e+00
9.861208200454711914e-01
1.064222335815429688e+00
1.050787806510925293e+00
1.048434853553771973e+00
1.049416065216064453e+00
1.065109968185424805e+00
1.076093196868896484e+00
1.062701344490051270e+00
1.080542206764221191e+00
1.069872021675109863e+00
1.073840141296386719e+00
1.067515611648559570e+00
1.070281624794006348e+00
1.066028356552124023e+00
1.064978361129760742e+00
1.070054531097412109e+00
1.073302626609802246e+00
1.094623327255249023e+00
1.089986205101013184e+00
1.090070843696594238e+00
1.111009120941162109e+00
1.060602188110351562e+00
1.002083659172058105e+00
1.565408349037170410e+00
2.325905799865722656e+00
2.326386213302612305e+00
1.965772867202758789e+00
7.767131924629211426e-01
-4.340867698192596436e-02
-3.691097199916839600e-01
-7.053699344396591187e-02
-1.359819322824478149e-01
-1.090473160147666931e-01
-2.066991627216339111e-01
-1.717195957899093628e-01
-1.679493933916091919e-01
-1.881892830133438110e-01
-1.767723858356475830e-01
-1.914929151535034180e-01
-1.535452064126729965e-02
-6.846354156732559204e-02
-4.708706866949796677e-03
-3.797139972448348999e-02
-4.264409095048904419e-02
-7.494071125984191895e-02
-9.284628927707672119e-02
-6.945346295833587646e-02
-1.294715106487274170e-01
-1.362447440624237061e-01
4.114077687263488770e-01
1.040874600410461426e+00
9.899147152900695801e-01
9.814022183418273926e-01
1.076863169670104980e+00
9.762108325958251953e-01
1.040980458259582520e+00
1.051444172859191895e+00
1.048445463180541992e+00
1.038832306861877441e+00
1.056917667388916016e+00
1.068837165832519531e+00
1.068836212158203125e+00
1.078027009963989258e+00
1.083780884742736816e+00
1.083562493324279785e+00
1.104644894599914551e+00
1.110021829605102539e+00
1.075479030609130859e+00
1.083040118217468262e+00
1.060551762580871582e+00
1.064208388328552246e+00
1.066491961479187012e+00
1.114111900329589844e+00
1.115427613258361816e+00
9.882948398590087891e-01
4.662925601005554199e-01
6.268638968467712402e-01
8.375933170318603516e-01
7.409220337867736816e-01
7.392573952674865723e-01
6.718446016311645508e-01
7.064724564552307129e-01
7.583817839622497559e-01
9.732545614242553711e-01
9.888772368431091309e-01
9.241162538528442383e-01
9.165482521057128906e-01
9.890044331550598145e-01
1.010683655738830566e+00
1.014028787612915039e+00
1.056169986724853516e+00
1.072064876556396484e+00
1.070891499519348145e+00
1.056092143058776855e+00
1.060460805892944336e+00
1.034428119659423828e+00
1.034400105476379395e+00
1.041379570960998535e+00
1.037616014480590820e+00
1.035632967948913574e+00
1.033869266510009766e+00
1.060350298881530762e+00
1.115875363349914551e+00
1.041017293930053711e+00
1.067252874374389648e+00
1.918317794799804688e+00
2.868430137634277344e+00
3.327468872070312500e+00
3.018978357315063477e+00
3.566197395324707031e+00
3.077840805053710938e+00
3.480163574218750000e+00
3.473301410675048828e+00
3.072714328765869141e+00
3.044595718383789062e+00
2.967134237289428711e+00
2.976434469223022461e+00
2.974645614624023438e+00
2.990236520767211914e+00
2.990180969238281250e+00
2.962932586669921875e+00
3.200191259384155273e+00
3.520404338836669922e+00
1.595482468605041504e+00
-2.035648971796035767e-01
-4.279898107051849365e-01
9.758142232894897461e-01
1.102497935295104980e+00
1.047629237174987793e+00
9.296519756317138672e-01
1.008146047592163086e+00
1.051710963249206543e+00
1.000268459320068359e+00
1.047063589096069336e+00
1.050094008445739746e+00
1.049201607704162598e+00
1.052384972572326660e+00
1.049407482147216797e+00
1.060357451438903809e+00
1.049046635627746582e+00
1.065503478050231934e+00
1.046911001205444336e+00
1.064847469329833984e+00
1.054880619049072266e+00
1.071990132331848145e+00
1.058408379554748535e+00
1.064299941062927246e+00
1.064184904098510742e+00
1.068405985832214355e+00
1.082154750823974609e+00
1.066672325134277344e+00
1.051652550697326660e+00
1.063776850700378418e+00
1.060167431831359863e+00
1.068058609962463379e+00
1.051428794860839844e+00
1.088874220848083496e+00
1.031554102897644043e+00
9.776988029479980469e-01
1.597386360168457031e+00
2.335956096649169922e+00
2.228464126586914062e+00
2.020297527313232422e+00
2.512012004852294922e+00
2.904704332351684570e+00
2.974867820739746094e+00
4.617040157318115234e+00
4.722659111022949219e+00
6.642390251159667969e+00
7.428091526031494141e+00
6.219000816345214844e+00
3.006961345672607422e+00
6.839214563369750977e-01
1.150504574179649353e-01
1.023367524147033691e+00
1.152777671813964844e+00
1.179039359092712402e+00
1.099099636077880859e+00
1.003651142120361328e+00
1.126992940902709961e+00
9.906557798385620117e-01
1.075911760330200195e+00
1.065037727355957031e+00
1.031782984733581543e+00
9.036761522293090820e-01
1.537532210350036621e+00
2.362273693084716797e+00
2.266526222229003906e+00
2.003534317016601562e+00
2.194632291793823242e+00
2.069570541381835938e+00
2.072110652923583984e+00
1.997125029563903809e+00
2.379766225814819336e+00
2.890731334686279297e+00
2.835297822952270508e+00
3.868583917617797852e+00
3.937805891036987305e+00
3.898271799087524414e+00
3.993578910827636719e+00
3.933556079864501953e+00
3.983325958251953125e+00
3.968990802764892578e+00
4.706827640533447266e+00
5.632317066192626953e+00
6.048746585845947266e+00
7.034291744232177734e+00
6.724200725555419922e+00
6.620848178863525391e+00
6.925187587738037109e+00
6.909728050231933594e+00
6.717207908630371094e+00
6.760481357574462891e+00
6.968078613281250000e+00
6.885507106781005859e+00
6.920680522918701172e+00
6.830749511718750000e+00
7.314704418182373047e+00
6.967035770416259766e+00
2.358041524887084961e+00
-1.821343898773193359e-01
-5.970726609230041504e-01
1.928279101848602295e-01
1.401080787181854248e-01
-6.652490049600601196e-02
-8.454550057649612427e-02
-7.354602217674255371e-02
-2.688675560057163239e-02
-1.085002794861793518e-01
-1.061357930302619934e-01
-1.046588569879531860e-01
-5.673841387033462524e-02
-7.069387286901473999e-02
-1.483908593654632568e-01
-8.595429360866546631e-02
-1.166412755846977234e-01
-9.839209914207458496e-02
-1.344696283340454102e-01
-1.187293305993080139e-01
-9.887456893920898438e-02
-4.335968568921089172e-02
-9.071524441242218018e-02
-1.725213378667831421e-01
1.023578286170959473e+00
2.256247520446777344e+00
2.436961174011230469e+00
2.045179367065429688e+00
2.077374696731567383e+00
2.003464221954345703e+00
2.496747255325317383e+00
3.118950843811035156e+00
3.024262428283691406e+00
2.936441183090209961e+00
3.009965658187866211e+00
2.947897195816040039e+00
2.949065923690795898e+00
2.969188213348388672e+00
2.948027610778808594e+00
3.007741689682006836e+00
2.923691987991333008e+00
2.930921077728271484e+00
4.008631706237792969e+00
5.139097690582275391e+00
5.171372413635253906e+00
4.939950466156005859e+00
5.688173294067382812e+00
4.989533901214599609e+00
1.561220288276672363e+00
-2.875227928161621094e-01
-5.107516050338745117e-01
1.257154047489166260e-01
2.463063225150108337e-02
-1.052091345191001892e-01
-1.746825575828552246e-01
-2.014009207487106323e-01
-1.249631568789482117e-01
-1.874363720417022705e-01
-1.581891775131225586e-01
-1.366512924432754517e-01
-5.918905138969421387e-02
-1.262804567813873291e-01
4.698615968227386475e-01
1.121357083320617676e+00
1.107377767562866211e+00
9.960373640060424805e-01
1.104605913162231445e+00
9.934164285659790039e-01
1.060976862907409668e+00
1.055718779563903809e+00
1.029782414436340332e+00
1.034998059272766113e+00
1.059381723403930664e+00
1.103329181671142578e+00
1.041040658950805664e+00
1.027941942214965820e+00
1.602609157562255859e+00
2.193802356719970703e+00
2.166082620620727539e+00
2.010246992111206055e+00
2.605534315109252930e+00
3.215222597122192383e+00
3.071676015853881836e+00
2.940374374389648438e+00
3.444029569625854492e+00
4.034226417541503906e+00
3.884167671203613281e+00
3.934164047241210938e+00
3.908251523971557617e+00
3.888705492019653320e+00
3.912412405014038086e+00
4.047717571258544922e+00
3.995817184448242188e+00
3.973319768905639648e+00
5.857337951660156250e+00
6.363610267639160156e+00
3.261106014251708984e+00
-4.463900923728942871e-01
-8.176655173301696777e-01
1.160400509834289551e-01
3.434281796216964722e-02
-2.335554212331771851e-01
-1.451610326766967773e-01
-2.331848889589309692e-01
-1.337238699197769165e-01
-2.843272089958190918e-01
4.358713030815124512e-01
1.068419218063354492e+00
1.029512882232666016e+00
9.589733481407165527e-01
1.158456087112426758e+00
9.866830706596374512e-01
1.514199376106262207e+00
2.233732223510742188e+00
2.316991329193115234e+00
2.022586584091186523e+00
2.131630659103393555e+00
2.067431211471557617e+00
2.074977159500122070e+00
2.041277647018432617e+00
2.009664058685302734e+00
2.029123783111572266e+00
1.998529911041259766e+00
1.996005535125732422e+00
2.400005340576171875e+00
2.899661302566528320e+00
2.954461336135864258e+00
4.028851509094238281e+00
3.940265893936157227e+00
3.904686927795410156e+00
3.981276750564575195e+00
3.892713308334350586e+00
3.935003042221069336e+00
3.882131338119506836e+00
3.908537149429321289e+00
3.932492494583129883e+00
3.908101558685302734e+00
3.941424131393432617e+00
4.929288387298583984e+00
6.033802509307861328e+00
5.806881427764892578e+00
5.951432228088378906e+00
6.611506462097167969e+00
5.882563114166259766e+00
1.923109412193298340e+00
-2.252474874258041382e-01
-3.505943119525909424e-01
8.295617103576660156e-01
1.077951312065124512e+00
9.314165711402893066e-01
1.183030843734741211e+00
2.027162313461303711e+00
2.176775217056274414e+00
1.938637018203735352e+00
2.092952489852905273e+00
1.981104493141174316e+00
2.090871095657348633e+00
1.987176418304443359e+00
2.062315464019775391e+00
1.996919631958007812e+00
2.013791322708129883e+00
2.008050441741943359e+00
1.994625687599182129e+00
1.993961215019226074e+00
2.051989555358886719e+00
2.202673673629760742e+00
2.264150619506835938e+00
1.781411170959472656e+00
4.219820022583007812e+00
5.763780117034912109e+00
6.950244426727294922e+00
6.167122364044189453e+00
6.432251453399658203e+00
7.684636116027832031e+00
7.952945709228515625e+00
7.712687492370605469e+00
8.495372772216796875e+00
8.819397926330566406e+00
9.239411354064941406e+00
8.899734497070312500e+00
9.459589958190917969e+00
9.142362594604492188e+00
9.454281806945800781e+00
9.940758705139160156e+00
1.000744819641113281e+01
9.702610969543457031e+00
1.021173763275146484e+01
1.030363368988037109e+01
1.015746212005615234e+01
1.022712612152099609e+01
1.100249671936035156e+01
9.308273315429687500e+00
3.303161382675170898e+00
-3.325141966342926025e-01
-7.964389920234680176e-01
2.743275463581085205e-01
2.284281551837921143e-01
6.992879509925842285e-02
5.417405441403388977e-02
-3.741608932614326477e-02
-3.852006047964096069e-02
-8.904638886451721191e-02
-3.668767958879470825e-02
-1.451839040964841843e-02
-7.068624347448348999e-02
-1.282349973917007446e-01
4.359274506568908691e-01
1.052021980285644531e+00
1.073278307914733887e+00
9.924881458282470703e-01
1.076997399330139160e+00
9.819685220718383789e-01
1.604939460754394531e+00
2.267728090286254883e+00
2.174165964126586914e+00
2.009621858596801758e+00
2.542632818222045898e+00
3.099970102310180664e+00
3.032371520996093750e+00
2.930917501449584961e+00
3.392466783523559570e+00
4.015847682952880859e+00
4.059527873992919922e+00
3.998301029205322266e+00
3.995642423629760742e+00
4.044988632202148438e+00
4.137563228607177734e+00
3.951321363449096680e+00
5.674445629119873047e+00
7.083503723144531250e+00
7.736842155456542969e+00
7.463985919952392578e+00
7.889130592346191406e+00
8.148553848266601562e+00
8.202476501464843750e+00
7.999138355255126953e+00
8.054832458496093750e+00
7.926302909851074219e+00
9.167228698730468750e+00
7.935338020324707031e+00
2.740689516067504883e+00
-1.362387388944625854e-01
-5.812025070190429688e-01
5.108812823891639709e-02
5.945397168397903442e-02
-1.696782708168029785e-01
-2.066850513219833374e-01
-1.743373274803161621e-01
-1.344018131494522095e-01
-1.601216644048690796e-01
-1.846874058246612549e-01
-1.466647386550903320e-01
-6.749454140663146973e-02
-1.022332012653350830e-01
-8.283478766679763794e-02
-3.978836908936500549e-02
-9.552583098411560059e-02
-8.438975363969802856e-02
3.352026343345642090e-01
8.226476311683654785e-01
9.297344088554382324e-01
2.110446453094482422e+00
2.161346435546875000e+00
1.987013578414916992e+00
2.064386129379272461e+00
1.990683197975158691e+00
2.066137075424194336e+00
2.037818670272827148e+00
1.974423885345458984e+00
1.991058588027954102e+00
2.491734981536865234e+00
3.107295513153076172e+00
3.125171899795532227e+00
2.983043670654296875e+00
3.036329746246337891e+00
2.967802286148071289e+00
2.949807167053222656e+00
2.979537963867187500e+00
2.948817729949951172e+00
2.986486673355102539e+00
2.937686204910278320e+00
2.953846931457519531e+00
3.468985319137573242e+00
4.135514736175537109e+00
4.097312927246093750e+00
3.994893074035644531e+00
4.385442733764648438e+00
3.945989370346069336e+00
1.480929374694824219e+00
-1.580988168716430664e-01
-3.205756545066833496e-01
9.210749715566635132e-02
1.857039285823702812e-03
-7.621761411428451538e-02
-1.908772587776184082e-01
-2.580632567405700684e-01
3.245701491832733154e-01
1.034295439720153809e+00
1.020905256271362305e+00
9.662894010543823242e-01
1.078392267227172852e+00
9.945052862167358398e-01
1.033703446388244629e+00
1.020653247833251953e+00
1.044768214225769043e+00
1.063451290130615234e+00
1.044552564620971680e+00
1.067953944206237793e+00
1.061640620231628418e+00
1.063875675201416016e+00
1.057625055313110352e+00
1.098764061927795410e+00
1.057209491729736328e+00
1.016323208808898926e+00
1.603074789047241211e+00
2.333390951156616211e+00
2.328141689300537109e+00
2.009344339370727539e+00
2.620779752731323242e+00
3.246645450592041016e+00
3.071501016616821289e+00
2.937814712524414062e+00
3.480733633041381836e+00
4.063131809234619141e+00
4.206085681915283203e+00
4.010323524475097656e+00
4.000427722930908203e+00
3.927235603332519531e+00
3.904936790466308594e+00
3.935498952865600586e+00
3.905086755752563477e+00
3.926685333251953125e+00
3.883246183395385742e+00
3.963654756546020508e+00
4.221687793731689453e+00
3.907532453536987305e+00
2.364272356033325195e+00
-2.586931884288787842e-01
-5.234401226043701172e-01
5.329514741897583008e-01
8.229681849479675293e-01
3.318822145462036133e+00
3.253103971481323242e+00
2.721655130386352539e+00
2.820130109786987305e+00
2.885283946990966797e+00
2.975890398025512695e+00
2.968860626220703125e+00
3.025201082229614258e+00
3.044011116027832031e+00
3.019640207290649414e+00
3.007222890853881836e+00
2.928178310394287109e+00
2.970493793487548828e+00
2.957737207412719727e+00
2.978890657424926758e+00
2.953804731369018555e+00
2.981942176818847656e+00
2.946647405624389648e+00
2.978398561477661133e+00
2.954772472381591797e+00
2.993760824203491211e+00
2.941197156906127930e+00
3.021677017211914062e+00
2.923257827758789062e+00
2.893926858901977539e+00
3.425871610641479492e+00
4.284553527832031250e+00
4.070281028747558594e+00
3.906699895858764648e+00
4.353815555572509766e+00
4.837003707885742188e+00
4.928365230560302734e+00
5.933811187744140625e+00
6.211004734039306641e+00
5.903104782104492188e+00
5.983939647674560547e+00
5.830563545227050781e+00
6.241554737091064453e+00
6.897439479827880859e+00
6.900321960449218750e+00
7.086712837219238281e+00
7.509853363037109375e+00
6.974450111389160156e+00
2.185263633728027344e+00
-2.078521251678466797e-01
-6.807696223258972168e-01
-8.975744247436523438e-02
9.364397078752517700e-02
-1.197883635759353638e-01
-1.787626147270202637e-01
-1.922737360000610352e-01
-1.190346479415893555e-01
-1.421990543603897095e-01
-1.615731269121170044e-01
-2.038812339305877686e-01
3.091846406459808350e-01
1.038467764854431152e+00
9.925486445426940918e-01
9.665330648422241211e-01
1.083244562149047852e+00
9.774636030197143555e-01
1.045797944068908691e+00
1.025964856147766113e+00
1.039289236068725586e+00
1.090020298957824707e+00
1.032963514328002930e+00
9.871824383735656738e-01
2.069445133209228516e+00
3.173364639282226562e+00
3.284610986709594727e+00
3.012650728225708008e+00
3.111930847167968750e+00
3.083233118057250977e+00
2.970334291458129883e+00
2.911891222000122070e+00
3.901424169540405273e+00
5.160207748413085938e+00
5.319963455200195312e+00
4.927067279815673828e+00
4.924968719482421875e+00
4.853878498077392578e+00
4.824046611785888672e+00
4.856025218963623047e+00
4.863430500030517578e+00
4.886669635772705078e+00
4.901651859283447266e+00
4.910601615905761719e+00
4.872254848480224609e+00
4.917552471160888672e+00
5.249336719512939453e+00
4.897260665893554688e+00
1.771497726440429688e+00
-2.764712572097778320e-01
-5.025171637535095215e-01
8.749288320541381836e-02
3.188066184520721436e-02
-1.102314293384552002e-01
-1.703799068927764893e-01
-1.984566152095794678e-01
-1.484333574771881104e-01
-1.648754626512527466e-01
-1.698241084814071655e-01
-1.538359224796295166e-01
-6.477363407611846924e-02
-1.078487709164619446e-01
-1.075267419219017029e-01
-1.012716665863990784e-01
-1.197374239563941956e-01
-8.465921878814697266e-02
-1.083489209413528442e-01
-8.352247625589370728e-02
-9.159760922193527222e-02
-8.342238515615463257e-02
-9.965585917234420776e-02
-8.680518716573715210e-02
-8.444719016551971436e-02
-7.312325388193130493e-02
-8.374732732772827148e-02
-6.984882056713104248e-02
-8.956016600131988525e-02
-7.733245939016342163e-02
-8.910089731216430664e-02
-7.599925249814987183e-02
-7.528138905763626099e-02
-4.849813878536224365e-02
-8.920131623744964600e-02
-1.148968264460563660e-01
4.479948580265045166e-01
1.111133098602294922e+00
1.147698998451232910e+00
1.041154384613037109e+00
1.112965703010559082e+00
9.791374802589416504e-01
1.587308287620544434e+00
2.285336732864379883e+00
2.184514999389648438e+00
2.039233446121215820e+00
2.320771932601928711e+00
1.883714318275451660e+00
6.645225286483764648e-01
-2.129245549440383911e-01
-1.003824844956398010e-01
-6.585894525051116943e-02
-1.448892951011657715e-01
1.079849123954772949e+00
1.056160092353820801e+00
9.856125116348266602e-01
9.674884080886840820e-01
9.814845919609069824e-01
1.034843564033508301e+00
9.986152052879333496e-01
1.025149941444396973e+00
1.041546106338500977e+00
1.046288371086120605e+00
1.049753427505493164e+00
1.057684659957885742e+00
1.061434268951416016e+00
1.060431241989135742e+00
1.066431641578674316e+00
1.062291741371154785e+00
1.069638729095458984e+00
1.057364106178283691e+00
1.101215004920959473e+00
1.091486811637878418e+00
1.093308329582214355e+00
1.617272138595581055e+00
2.313114643096923828e+00
2.354052782058715820e+00
2.066007614135742188e+00
2.233664035797119141e+00
2.126765251159667969e+00
2.048860788345336914e+00
2.075064420700073242e+00
2.008075714111328125e+00
1.982570409774780273e+00
2.553357839584350586e+00
3.353194475173950195e+00
3.368728399276733398e+00
2.981030702590942383e+00
3.542737245559692383e+00
4.168955802917480469e+00
3.940452098846435547e+00
3.977845430374145508e+00
3.953840494155883789e+00
4.017446041107177734e+00
4.338401317596435547e+00
3.977132797241210938e+00
1.728584170341491699e+00
-1.725163124501705170e-02
-3.504988551139831543e-01
6.286711245775222778e-02
4.196240380406379700e-02
-2.662264555692672729e-02
-4.999583959579467773e-02
-1.270577013492584229e-01
-6.134167313575744629e-02
-1.359241753816604614e-01
-9.638937562704086304e-02
-1.151787787675857544e-01
-1.488486677408218384e-01
-1.939153224229812622e-01
3.868165612220764160e-01
1.015053868293762207e+00
1.066380977630615234e+00
9.931323528289794922e-01
1.063168048858642578e+00
9.740015864372253418e-01
1.067321300506591797e+00
1.075392007827758789e+00
1.024492859840393066e+00
9.959048628807067871e-01
1.577416539192199707e+00
2.238590717315673828e+00
2.215748786926269531e+00
2.036300420761108398e+00
2.505505323410034180e+00
2.957902669906616211e+00
2.924428939819335938e+00
3.989069700241088867e+00
4.040135383605957031e+00
3.953979969024658203e+00
3.913750410079956055e+00
3.894589900970458984e+00
3.908047199249267578e+00
3.869072437286376953e+00
3.889107704162597656e+00
3.890007972717285156e+00
3.882425308227539062e+00
3.894143342971801758e+00
3.914495944976806641e+00
3.918501138687133789e+00
3.889100551605224609e+00
3.906051635742187500e+00
4.196161270141601562e+00
3.894591808319091797e+00
1.511598825454711914e+00
-2.253198474645614624e-01
-4.376192390918731689e-01
4.736853390932083130e-02
-5.456454306840896606e-02
-1.218879371881484985e-01
-1.582782417535781860e-01
-2.159632742404937744e-01
-1.818834245204925537e-01
-1.836285293102264404e-01
-1.750626564025878906e-01
-1.692885905504226685e-01
-4.152389988303184509e-02
-4.889202862977981567e-02
-7.278387248516082764e-02
-1.438823342323303223e-01
3.081924319267272949e-01
8.863443732261657715e-01
9.755299687385559082e-01
1.926983475685119629e+00
2.018935680389404297e+00
3.116755008697509766e+00
3.163957357406616211e+00
2.941500902175903320e+00
4.034155845642089844e+00
5.439845085144042969e+00
6.187704086303710938e+00
5.661018371582031250e+00
5.753913402557373047e+00
5.759196758270263672e+00
5.882821559906005859e+00
6.660433292388916016e+00
7.058150768280029297e+00
6.955967426300048828e+00
7.042006969451904297e+00
6.930950641632080078e+00
6.949365139007568359e+00
6.851741790771484375e+00
6.949192523956298828e+00
6.946293830871582031e+00
6.957888603210449219e+00
6.904415130615234375e+00
6.991251945495605469e+00
6.843652725219726562e+00
7.037274837493896484e+00
8.046841621398925781e+00
9.018916130065917969e+00
7.668442726135253906e+00
2.925378561019897461e+00
3.073791787028312683e-02
-5.551749467849731445e-01
2.389437109231948853e-01
2.433555275201797485e-01
8.381449431180953979e-02
-2.650827541947364807e-02
-9.455309808254241943e-02
-4.885374568402767181e-03
-1.058528646826744080e-01
-1.369462311267852783e-01
-1.340916305780410767e-01
-1.409408003091812134e-01
-1.041831970214843750e-01
-1.150850057601928711e-01
-1.039325520396232605e-01
-9.471467882394790649e-02
-7.148068398237228394e-02
-1.197130903601646423e-01
-9.604171663522720337e-02
-7.128876447677612305e-02
-6.641020625829696655e-02
-1.343073993921279907e-01
-1.557343304157257080e-01
4.192548096179962158e-01
1.101492762565612793e+00
1.136569976806640625e+00
9.952896833419799805e-01
1.485458135604858398e+00
2.124007225036621094e+00
2.246172904968261719e+00
2.013848543167114258e+00
2.085820198059082031e+00
2.013286352157592773e+00
2.003370761871337891e+00
2.033414602279663086e+00
2.000723600387573242e+00
2.013293027877807617e+00
2.015386581420898438e+00
2.035132408142089844e+00
2.028169870376586914e+00
2.046369075775146484e+00
2.049523115158081055e+00
2.050847768783569336e+00
2.035281419754028320e+00
2.056662559509277344e+00
2.197896003723144531e+00
2.023875951766967773e+00
8.855575919151306152e-01
-2.285530716180801392e-01
-2.637328207492828369e-01
-2.198434621095657349e-02
-7.709284126758575439e-02
-1.926131099462509155e-01
-1.839346587657928467e-01
-2.329577654600143433e-01
-1.812155246734619141e-01
-2.152994275093078613e-01
-1.745238900184631348e-01
-1.938823908567428589e-01
-8.960559219121932983e-02
-1.204395517706871033e-01
-1.409432291984558105e-02
-1.496500801295042038e-02
8.457340300083160400e-03
-7.082219421863555908e-02
4.222946465015411377e-01
1.039998412132263184e+00
1.084299445152282715e+00
1.003361105918884277e+00
1.085436344146728516e+00
1.001650691032409668e+00
1.044249296188354492e+00
1.043969392776489258e+00
1.061142802238464355e+00
1.090950489044189453e+00
1.045381665229797363e+00
1.019291520118713379e+00
1.580196261405944824e+00
2.221884012222290039e+00
2.118468523025512695e+00
1.996122360229492188e+00
2.558839321136474609e+00
3.097538709640502930e+00
3.084124803543090820e+00
2.959248065948486328e+00
3.056675195693969727e+00
2.978704214096069336e+00
2.962088346481323242e+00
3.009749412536621094e+00
2.938102960586547852e+00
2.959013938903808594e+00
3.357872962951660156e+00
3.906607151031494141e+00
4.402919769287109375e+00
3.767228126525878906e+00
1.070546746253967285e+00
-3.545325100421905518e-01
-5.165749788284301758e-01
3.659634292125701904e-02
-4.004355520009994507e-02
-1.861247569322586060e-01
-1.910542547702789307e-01
-2.138417959213256836e-01
-1.613231301307678223e-01
-1.749153584241867065e-01
-1.678947210311889648e-01
-1.700416654348373413e-01
-1.059656143188476562e-01
-1.218311563134193420e-01
-9.310796111822128296e-02
-1.179478690028190613e-01
-9.417267143726348877e-02
-9.075742214918136597e-02
1.357535179704427719e-02
2.575082518160343170e-02
-5.952746048569679260e-02
-7.489317655563354492e-02
1.490725427865982056e-01
5.102388858795166016e-01
8.800109624862670898e-01
4.755867481231689453e+00
4.969916820526123047e+00
4.124604701995849609e+00
4.143099784851074219e+00
4.804917812347412109e+00
4.862543582916259766e+00
4.730577945709228516e+00
5.146243572235107422e+00
5.851390361785888672e+00
5.968185901641845703e+00
5.846868991851806641e+00
5.770319938659667969e+00
5.866088867187500000e+00
5.871563911437988281e+00
5.819197177886962891e+00
6.180915355682373047e+00
6.995759963989257812e+00
7.182113170623779297e+00
6.969479084014892578e+00
6.937076568603515625e+00
7.095397472381591797e+00
7.475309371948242188e+00
7.127038478851318359e+00
2.186421871185302734e+00
-2.351011484861373901e-01
-7.295628190040588379e-01
1.521031558513641357e-01
1.043579205870628357e-01
-8.687429875135421753e-02
-1.285719424486160278e-01
-1.536590903997421265e-01
-4.195721447467803955e-02
-1.466441303491592407e-01
-1.798563748598098755e-01
-1.495282500982284546e-01
-5.854759737849235535e-02
-9.290858358144760132e-02
-1.073095202445983887e-01
-9.673897922039031982e-02
-1.243012547492980957e-01
-8.239904046058654785e-02
-8.851249516010284424e-02
-7.031571120023727417e-02
-8.999607712030410767e-02
-7.618111371994018555e-02
-1.041656732559204102e-01
-9.863949567079544067e-02
-1.152113825082778931e-01
-9.202816337347030640e-02
-1.061588227748870850e-01
-8.767700940370559692e-02
-9.297379851341247559e-02
-7.550737261772155762e-02
-5.815840885043144226e-02
-4.291241988539695740e-02
-5.119958147406578064e-02
-1.795116253197193146e-02
-6.797944754362106323e-02
-1.078234612941741943e-01
4.448432326316833496e-01
1.116024374961853027e+00
1.147464632987976074e+00
1.034893870353698730e+00
1.144639253616333008e+00
1.024368166923522949e+00
1.029465913772583008e+00
9.745223522186279297e-01
1.520900130271911621e+00
2.217462539672851562e+00
2.357479810714721680e+00
1.896826624870300293e+00
1.061908721923828125e+00
3.954989090561866760e-02
-2.393267303705215454e-01
7.745575159788131714e-02
-1.111603602766990662e-01
-6.818547844886779785e-02
-2.033350169658660889e-01
-1.853325814008712769e-01
-1.603564023971557617e-01
-1.952289044857025146e-01
-1.500650644302368164e-01
-1.590185016393661499e-01
-1.727210432291030884e-01
-2.255969345569610596e-01
3.823924064636230469e-01
1.020213127136230469e+00
1.014542698860168457e+00
9.604144096374511719e-01
1.049584627151489258e+00
9.549049735069274902e-01
1.041261076927185059e+00
1.033439040184020996e+00
1.045391321182250977e+00
1.045017719268798828e+00
1.023533821105957031e+00
1.034690976142883301e+00
1.379313826560974121e+00
1.843275070190429688e+00
2.021440982818603516e+00
3.906671524047851562e+00
4.042495727539062500e+00
4.813441753387451172e+00
5.008219718933105469e+00
4.901584148406982422e+00
4.939425945281982422e+00
4.852087020874023438e+00
5.213287830352783203e+00
5.620778083801269531e+00
6.084933280944824219e+00
5.949347972869873047e+00
5.995790958404541016e+00
5.927307128906250000e+00
5.914562702178955078e+00
5.965681552886962891e+00
5.849251747131347656e+00
5.900185585021972656e+00
6.179290294647216797e+00
5.981535434722900391e+00
2.597599744796752930e+00
-1.631864905357360840e-01
-5.379522442817687988e-01
5.952892079949378967e-02
1.236262246966362000e-01
-7.059247698634862900e-03
-1.171668991446495056e-01
-1.366230696439743042e-01
-1.065509319305419922e-01
-1.435011029243469238e-01
-8.881131559610366821e-02
-1.359905302524566650e-01
-1.114247888326644897e-01
-6.014068797230720520e-02
-1.176907345652580261e-01
-2.073631733655929565e-01
9.606141448020935059e-01
2.182456970214843750e+00
2.304614067077636719e+00
2.007772445678710938e+00
2.027545213699340820e+00
1.971516370773315430e+00
2.345065593719482422e+00
2.822524547576904297e+00
2.910707950592041016e+00
3.782793998718261719e+00
3.958198785781860352e+00
3.927525758743286133e+00
3.923234462738037109e+00
3.890123367309570312e+00
3.891152620315551758e+00
3.870616197586059570e+00
4.254892826080322266e+00
4.903345108032226562e+00
4.972810268402099609e+00
4.906370162963867188e+00
4.937021732330322266e+00
4.866674423217773438e+00
5.117692470550537109e+00
5.630679607391357422e+00
5.787734031677246094e+00
7.571011543273925781e+00
8.000958442687988281e+00
7.760233879089355469e+00
7.654125213623046875e+00
7.690592765808105469e+00
8.464679718017578125e+00
7.867969512939453125e+00
2.694251060485839844e+00
-2.335453629493713379e-01
-5.825252532958984375e-01
1.349131613969802856e-01
1.099115163087844849e-01
-1.272505819797515869e-01
-1.367666423320770264e-01
-1.614133268594741821e-01
-9.738530218601226807e-02
-1.533800512552261353e-01
-1.648399382829666138e-01
-1.531897634267807007e-01
-1.564736068248748779e-01
-1.282134205102920532e-01
-1.215109154582023621e-01
-9.745343774557113647e-02
-7.832043617963790894e-02
-7.678071409463882446e-02
-9.919448196887969971e-02
-9.007054567337036133e-02
-7.596437633037567139e-02
-4.530059546232223511e-02
-9.579285979270935059e-02
-1.133614853024482727e-01
4.187624454498291016e-01
1.040588498115539551e+00
1.088991403579711914e+00
1.010983586311340332e+00
1.080880880355834961e+00
9.910837411880493164e-01
1.049286842346191406e+00
1.057576298713684082e+00
1.058135509490966797e+00
1.042868137359619141e+00
1.056578278541564941e+00
1.072064518928527832e+00
1.054216861724853516e+00
1.066612958908081055e+00
1.068598389625549316e+00
1.065517425537109375e+00
1.057721853256225586e+00
1.074781417846679688e+00
1.083094954490661621e+00
1.086807727813720703e+00
1.084322094917297363e+00
1.097981452941894531e+00
1.186840295791625977e+00
1.071721076965332031e+00
4.820628762245178223e-01
-1.374677866697311401e-01
-2.228432595729827881e-01
-1.777876168489456177e-01
-5.998446047306060791e-02
-1.805325448513031006e-01
-1.737839579582214355e-01
-1.940415501594543457e-01
-1.567167937755584717e-01
-2.080013751983642578e-01
-1.917226426303386688e-02
-2.573379129171371460e-02
-3.142739087343215942e-02
-8.678166568279266357e-02
5.006679892539978027e-01
1.033797025680541992e+00
1.061806321144104004e+00
9.384005665779113770e-01
1.461195111274719238e+00
2.041425704956054688e+00
2.061527729034423828e+00
1.970738649368286133e+00
2.010710000991821289e+00
1.968294501304626465e+00
2.474500417709350586e+00
3.273622035980224609e+00
3.445870637893676758e+00
2.968503713607788086e+00
3.436536550521850586e+00
3.967056512832641602e+00
4.055140495300292969e+00
4.022975444793701172e+00
4.026488304138183594e+00
3.953689336776733398e+00
4.327470302581787109e+00
4.872660636901855469e+00
4.870906352996826172e+00
5.877978324890136719e+00
6.065197467803955078e+00
6.001392841339111328e+00
5.968523979187011719e+00
5.950959682464599609e+00
5.998850345611572266e+00
5.977539539337158203e+00
5.956670284271240234e+00
5.971836090087890625e+00
6.297358989715576172e+00
6.895907402038574219e+00
2.142261743545532227e+00
2.148231267929077148e-01
-2.378736436367034912e-01
2.553077936172485352e-01
1.611625254154205322e-01
3.214266151189804077e-02
6.660860776901245117e-02
-4.891295731067657471e-02
1.021027714014053345e-01
-3.164202347397804260e-02
1.079311780631542206e-02
-1.007484793663024902e-01
-6.072065979242324829e-02
-1.016396060585975647e-01
-8.720313757658004761e-02
-8.445967733860015869e-02
-9.290971606969833374e-02
-7.196931540966033936e-02
-9.785625338554382324e-02
-9.820780158042907715e-02
-7.399880886077880859e-02
-3.738623857498168945e-02
-1.114535033702850342e-01
-1.232996508479118347e-01
3.361873924732208252e-01
9.123937487602233887e-01
1.000980019569396973e+00
1.765782713890075684e+00
1.902366518974304199e+00
3.825021982192993164e+00
3.968315362930297852e+00
4.805787086486816406e+00
5.031590461730957031e+00
4.885259628295898438e+00
4.854838371276855469e+00
4.787545680999755859e+00
4.843655109405517578e+00
4.824199199676513672e+00
4.800323963165283203e+00
4.862027645111083984e+00
4.868973255157470703e+00
4.926412582397460938e+00
4.894698143005371094e+00
4.922472476959228516e+00
4.884984493255615234e+00
4.896962642669677734e+00
5.218079090118408203e+00
4.785518169403076172e+00
1.616821408271789551e+00
-3.792054951190948486e-01
-6.517263054847717285e-01
5.448569729924201965e-02
1.569666154682636261e-02
-1.755759567022323608e-01
-1.949657648801803589e-01
-2.053903043270111084e-01
-1.640766412019729614e-01
-1.737020462751388550e-01
-1.807609647512435913e-01
-1.620020568370819092e-01
-1.374987810850143433e-01
-1.417712420225143433e-01
-1.129919290542602539e-01
-9.928224980831146240e-02
-9.305247664451599121e-02
-1.021689549088478088e-01
3.838905990123748779e-01
9.985457658767700195e-01
1.007169723510742188e+00
9.923928976058959961e-01
1.053375720977783203e+00
9.844991564750671387e-01
1.052771687507629395e+00
1.043634772300720215e+00
1.056372046470642090e+00
1.070350885391235352e+00
1.045920968055725098e+00
1.020204186439514160e+00
1.561774373054504395e+00
2.246333837509155273e+00
2.230134248733520508e+00
2.037920236587524414e+00
2.142313003540039062e+00
2.082382678985595703e+00
1.993850588798522949e+00
1.964844584465026855e+00
3.046687602996826172e+00
4.162213802337646484e+00
4.170456886291503906e+00
3.932717561721801758e+00
3.992756843566894531e+00
3.966081619262695312e+00
3.876887321472167969e+00
3.967716932296752930e+00
4.230881690979003906e+00
3.929123401641845703e+00
1.738277673721313477e+00
-2.106561064720153809e-01
-5.081101059913635254e-01
1.288100983947515488e-02
-6.071643903851509094e-02
-1.592761129140853882e-01
-1.868430972099304199e-01
-2.152898609638214111e-01
-1.763324290513992310e-01
-1.931966543197631836e-01
-1.733467578887939453e-01
-1.731900423765182495e-01
-1.536139845848083496e-01
-1.646923124790191650e-01
-8.211222290992736816e-02
-8.369281888008117676e-02
-7.476858049631118774e-02
-2.601866610348224640e-02
-8.486849814653396606e-02
-1.211238354444503784e-01
4.174052178859710693e-01
1.060518026351928711e+00
1.115642786026000977e+00
1.011880397796630859e+00
1.069337010383605957e+00
1.017424583435058594e+00
1.015156388282775879e+00
9.839413762092590332e-01
1.542105078697204590e+00
2.209602355957031250e+00
2.177303791046142578e+00
1.989844083786010742e+00
2.576462507247924805e+00
3.161566019058227539e+00
3.222471714019775391e+00
2.992560625076293945e+00
3.033232450485229492e+00
2.963159561157226562e+00
2.947036266326904297e+00
2.977467060089111328e+00
2.978848934173583984e+00
2.981980323791503906e+00
2.987152814865112305e+00
2.980987548828125000e+00
2.955300569534301758e+00
2.991439104080200195e+00
3.181632518768310547e+00
2.920250892639160156e+00
1.238961100578308105e+00
-6.430592387914657593e-02
-3.360789418220520020e-01
1.130172014236450195e+00
1.204267621040344238e+00
9.527823328971862793e-01
8.459856510162353516e-01
9.458094239234924316e-01
1.052874326705932617e+00
9.915562868118286133e-01
1.040810704231262207e+00
1.044314384460449219e+00
1.045698165893554688e+00
1.043391823768615723e+00
1.035118818283081055e+00
1.045206308364868164e+00
1.040384531021118164e+00
1.053435444831848145e+00
1.047810912132263184e+00
1.064053535461425781e+00
1.098136901855468750e+00
1.149735212326049805e+00
1.086946010589599609e+00
1.081529855728149414e+00
1.068837165832519531e+00
1.109732389450073242e+00
1.045563578605651855e+00
9.989096522331237793e-01
1.475655317306518555e+00
2.094534635543823242e+00
2.156094789505004883e+00
3.078679561614990234e+00
3.108380794525146484e+00
3.648582935333251953e+00
3.804076910018920898e+00
5.343231678009033203e+00
5.785886764526367188e+00
6.296569824218750000e+00
6.657221317291259766e+00
7.699337005615234375e+00
7.997219562530517578e+00
7.663056850433349609e+00
7.812654495239257812e+00
7.742818355560302734e+00
7.803407669067382812e+00
7.770499229431152344e+00
8.405437469482421875e+00
7.807800292968750000e+00
2.703863859176635742e+00
-4.323878288269042969e-01
-8.906443119049072266e-01
6.764444708824157715e-02
1.535696983337402344e-01
-5.693211778998374939e-02
-1.098681986331939697e-01
-1.437822431325912476e-01
-1.008659303188323975e-01
-1.407689899206161499e-01
-1.335037201642990112e-01
-1.248254179954528809e-01
-1.359812766313552856e-01
-1.156844496726989746e-01
-1.195390149950981140e-01
-8.944077044725418091e-02
-9.125011414289474487e-02
-8.304536342620849609e-02
-1.147282645106315613e-01
-9.918490797281265259e-02
-8.024545013904571533e-02
-6.283142417669296265e-02
-1.012491136789321899e-01
-1.361761242151260376e-01
4.319606125354766846e-01
1.094694137573242188e+00
1.103845715522766113e+00
9.562342762947082520e-01
2.020632982254028320e+00
3.204542875289916992e+00
3.353981733322143555e+00
3.001171112060546875e+00
3.371428251266479492e+00
4.047764778137207031e+00
4.055865764617919922e+00
3.997754812240600586e+00
3.889858007431030273e+00
3.895171403884887695e+00
3.867918729782104492e+00
3.897553443908691406e+00
3.868881702423095703e+00
3.935021400451660156e+00
3.875765323638916016e+00
3.884726285934448242e+00
4.142120838165283203e+00
4.660504341125488281e+00
4.905803680419921875e+00
5.549018859863281250e+00
2.266923666000366211e+00
-2.914828956127166748e-01
-8.086500763893127441e-01
8.582698106765747070e-01
1.264034271240234375e+00
9.665148854255676270e-01
8.639999032020568848e-01
9.258488416671752930e-01
1.008211731910705566e+00
9.757688045501708984e-01
1.049353241920471191e+00
1.099009037017822266e+00
1.056085824966430664e+00
9.325062632560729980e-01
1.553775906562805176e+00
2.372299432754516602e+00
2.260625123977661133e+00
2.012466907501220703e+00
2.097600698471069336e+00
1.991882085800170898e+00
2.034894466400146484e+00
2.018305540084838867e+00
2.012067556381225586e+00
2.003569126129150391e+00
2.006497859954833984e+00
2.021800994873046875e+00
2.006837368011474609e+00
2.041979789733886719e+00
2.014053821563720703e+00
2.022835493087768555e+00
2.018532037734985352e+00
2.057248115539550781e+00
2.011921882629394531e+00
2.004882812500000000e+00
2.292270183563232422e+00
2.681619167327880859e+00
2.821130514144897461e+00
4.918767929077148438e+00
5.141142845153808594e+00
4.769585609436035156e+00
5.829616546630859375e+00
7.352962493896484375e+00
7.660149097442626953e+00
7.543981075286865234e+00
7.510463714599609375e+00
7.657865524291992188e+00
8.284214973449707031e+00
7.719759941101074219e+00
2.679783105850219727e+00
-1.577967554330825806e-01
-8.236687779426574707e-01
3.562134504318237305e-02
9.307957440614700317e-02
-1.822510361671447754e-01
-1.760473847389221191e-01
-1.891000419855117798e-01
-8.605211973190307617e-02
-1.421816945075988770e-01
-1.528327018022537231e-01
-1.383631378412246704e-01
-9.021881967782974243e-02
-1.324122399091720581e-01
-1.185656413435935974e-01
-1.045652478933334351e-01
-1.063200831413269043e-01
-8.468761295080184937e-02
-1.037075370550155640e-01
-8.453056961297988892e-02
-8.647894859313964844e-02
-7.656932622194290161e-02
-9.402471780776977539e-02
-8.429079502820968628e-02
-7.768271118402481079e-02
-6.449281424283981323e-02
-6.709107756614685059e-02
-5.706952512264251709e-02
-8.106308430433273315e-02
-6.680393218994140625e-02
-6.163612008094787598e-02
-2.870372496545314789e-02
-6.663456559181213379e-02
-1.114500984549522400e-01
4.288569986820220947e-01
1.112436771392822266e+00
1.135936617851257324e+00
1.025215029716491699e+00
1.124806404113769531e+00
1.079816699028015137e+00
1.050574183464050293e+00
8.918311595916748047e-01
2.513213872909545898e+00
4.122690200805664062e+00
4.486639976501464844e+00
3.889294147491455078e+00
4.708081722259521484e+00
4.929778099060058594e+00
1.888618230819702148e+00
-1.045869886875152588e-01
-5.078669786453247070e-01
6.613587588071823120e-02
6.546521931886672974e-02
-5.874438211321830750e-02
-7.269512861967086792e-02
-1.671302914619445801e-01
-9.429710358381271362e-02
-1.670598834753036499e-01
-9.887488931417465210e-02
-1.467061042785644531e-01
-4.624185338616371155e-02
-1.161276549100875854e-01
-8.645266294479370117e-02
-9.297509491443634033e-02
-7.222158461809158325e-02
-7.009605318307876587e-02
-5.658364668488502502e-02
-3.349046409130096436e-02
-1.069511547684669495e-01
-1.309661269187927246e-01
4.223339259624481201e-01
1.031060218811035156e+00
1.046934843063354492e+00
9.811314344406127930e-01
1.019914746284484863e+00
9.599926471710205078e-01
1.542148232460021973e+00
2.288898706436157227e+00
2.376819610595703125e+00
2.031506299972534180e+00
2.188700675964355469e+00
2.096565485000610352e+00
2.031445503234863281e+00
2.076593637466430664e+00
2.045874595642089844e+00
2.039257764816284180e+00
2.027346134185791016e+00
2.045788526535034180e+00
2.015428066253662109e+00
2.043050527572631836e+00
2.040540456771850586e+00
2.047997474670410156e+00
2.025980949401855469e+00
2.049446105957031250e+00
2.137626647949218750e+00
1.874680399894714355e+00
8.141987323760986328e-01
6.342132091522216797e-01
9.207125306129455566e-01
1.218653559684753418e+00
1.246089696884155273e+00
9.729509949684143066e-01
1.427779793739318848e+00
3.503200769424438477e+00
4.016266345977783203e+00
4.772079944610595703e+00
5.141304016113281250e+00
5.062103748321533203e+00
4.919802188873291016e+00
4.869815349578857422e+00
4.927273273468017578e+00
4.886714458465576172e+00
5.173847198486328125e+00
5.736346721649169922e+00
5.962279319763183594e+00
5.851438522338867188e+00
6.014341831207275391e+00
5.902573108673095703e+00
6.223129749298095703e+00
6.531475543975830078e+00
5.897784233093261719e+00
5.861821174621582031e+00
6.088827610015869141e+00
6.597918510437011719e+00
6.940627574920654297e+00
6.940394401550292969e+00
6.950145721435546875e+00
6.844880580902099609e+00
6.839822769165039062e+00
6.861993789672851562e+00
6.845289707183837891e+00
6.861643314361572266e+00
6.868808746337890625e+00
6.856251239776611328e+00
6.917263031005859375e+00
6.915048599243164062e+00
6.848855495452880859e+00
6.827510356903076172e+00
6.821883201599121094e+00
6.770388603210449219e+00
6.708589553833007812e+00
6.801361560821533203e+00
7.188378334045410156e+00
7.130685806274414062e+00
2.608693838119506836e+00
8.853533267974853516e-01
4.679902791976928711e-01
1.164599299430847168e+00
1.058849692344665527e+00
1.072963476181030273e+00
1.044403672218322754e+00
1.006537556648254395e+00
1.030866861343383789e+00
1.008213639259338379e+00
1.064264893531799316e+00
1.060843110084533691e+00
1.025191783905029297e+00
1.023910284042358398e+00
1.034211874008178711e+00
1.044576287269592285e+00
1.036872029304504395e+00
1.054317593574523926e+00
1.043532729148864746e+00
1.052997708320617676e+00
1.063684463500976562e+00
1.106923222541809082e+00
1.066269993782043457e+00
9.747334122657775879e-01
1.545802235603332520e+00
2.309052944183349609e+00
2.249170064926147461e+00
2.045478343963623047e+00
2.138679742813110352e+00
2.024970769882202148e+00
2.013525485992431641e+00
2.014884471893310547e+00
2.018429517745971680e+00
2.045957326889038086e+00
1.991610765457153320e+00
1.974747061729431152e+00
2.488641977310180664e+00
3.128630399703979492e+00
3.024055242538452148e+00
2.946941852569580078e+00
3.036514520645141602e+00
2.970501422882080078e+00
2.979849338531494141e+00
3.001116275787353516e+00
2.945570945739746094e+00
2.993379831314086914e+00
3.159122705459594727e+00
2.952780485153198242e+00
1.318793177604675293e+00
-1.244904175400733948e-01
-3.921690881252288818e-01
-2.372328378260135651e-02
-4.745987057685852051e-02
-1.350846439599990845e-01
-1.559403538703918457e-01
-2.206246107816696167e-01
-1.823378354310989380e-01
-1.848673075437545776e-01
-1.503043472766876221e-01
-1.620854437351226807e-01
-5.880684033036231995e-02
-8.193344622850418091e-02
-5.726712197065353394e-02
-7.129865884780883789e-02
-8.042195439338684082e-02
-3.337365761399269104e-02
-9.421598911285400391e-02
-1.254973709583282471e-01
3.957427442073822021e-01
1.036980509757995605e+00
1.090837836265563965e+00
1.008140563964843750e+00
1.070589661598205566e+00
9.905415177345275879e-01
1.037781119346618652e+00
1.047588229179382324e+00
1.044986248016357422e+00
1.042868494987487793e+00
1.047888278961181641e+00
1.062557101249694824e+00
1.047237157821655273e+00
1.058128714561462402e+00
1.065391063690185547e+00
1.064885616302490234e+00
1.058976650238037109e+00
1.056190729141235352e+00
1.056567430496215820e+00
1.065754175186157227e+00
1.064844489097595215e+00
1.062603831291198730e+00
1.057452559471130371e+00
1.058325290679931641e+00
1.049444437026977539e+00
1.055228352546691895e+00
1.174412965774536133e+00
1.034866809844970703e+00
4.960902035236358643e-01
-3.905022516846656799e-03
6.011651456356048584e-02
3.220495954155921936e-02
-8.112651109695434570e-02
-6.377851963043212891e-02
-1.686958074569702148e-01
-1.443824917078018188e-01
-1.349558383226394653e-01
-1.993996500968933105e-01
-1.562537848949432373e-01
-1.754106432199478149e-01
-3.475860878825187683e-02
-8.413911610841751099e-02
-9.878468699753284454e-03
-1.641420274972915649e-02
-3.899766132235527039e-02
-8.830305188894271851e-02
9.913886785507202148e-01
2.056026220321655273e+00
2.184616565704345703e+00
1.978440403938293457e+00
2.006245851516723633e+00
1.936480402946472168e+00
2.041748523712158203e+00
1.979020476341247559e+00
1.995348930358886719e+00
2.027896404266357422e+00
1.978079557418823242e+00
1.956184148788452148e+00
2.466736793518066406e+00
3.467726469039916992e+00
3.211869716644287109e+00
2.883631467819213867e+00
4.002441406250000000e+00
5.096475124359130859e+00
5.041333198547363281e+00
4.803580760955810547e+00
5.141744136810302734e+00
5.711817264556884766e+00
5.731467723846435547e+00
6.678442955017089844e+00
6.769013404846191406e+00
6.749789237976074219e+00
6.593813419342041016e+00
6.811063289642333984e+00
7.590225696563720703e+00
7.830039024353027344e+00
2.870849370956420898e+00
2.270594239234924316e-02
-5.710095763206481934e-01
4.732734560966491699e-01
7.594683766365051270e-01
1.697807312011718750e+00
2.279179573059082031e+00
1.933779954910278320e+00
2.013844251632690430e+00
1.929462671279907227e+00
2.078897953033447266e+00
2.027497291564941406e+00
2.016017436981201172e+00
1.998479604721069336e+00
2.022589445114135742e+00
2.001428365707397461e+00
2.041851282119750977e+00
2.005665779113769531e+00
2.001744270324707031e+00
2.015124082565307617e+00
2.009250640869140625e+00
2.016943454742431641e+00
1.999803423881530762e+00
2.022607564926147461e+00
2.012184143066406250e+00
2.028535842895507812e+00
1.997500658035278320e+00
2.018622398376464844e+00
1.985617995262145996e+00
2.015315532684326172e+00
1.990918040275573730e+00
2.014140844345092773e+00
1.986593008041381836e+00
2.007280111312866211e+00
2.020837783813476562e+00
2.076942682266235352e+00
2.003059387207031250e+00
1.902055978775024414e+00
3.053502798080444336e+00
4.251799583435058594e+00
4.487882137298583984e+00
3.995411396026611328e+00
4.088887214660644531e+00
3.909162044525146484e+00
4.082126140594482422e+00
4.654872417449951172e+00
5.006081581115722656e+00
5.718872547149658203e+00
2.262462377548217773e+00
-2.075279951095581055e-01
-8.893564343452453613e-01
6.463408470153808594e-01
1.267539739608764648e+00
1.176736712455749512e+00
1.010685443878173828e+00
9.877859354019165039e-01
1.067198038101196289e+00
1.020603895187377930e+00
1.055315852165222168e+00
1.059237837791442871e+00
1.074192881584167480e+00
1.138599514961242676e+00
1.088346958160400391e+00
8.372706770896911621e-01
2.432530403137207031e+00
3.995826721191406250e+00
4.396200180053710938e+00
3.930942296981811523e+00
4.090170860290527344e+00
3.973672866821289062e+00
3.958120822906494141e+00
3.926528930664062500e+00
3.972326993942260742e+00
3.877364397048950195e+00
4.298421382904052734e+00
5.065260887145996094e+00
5.216595649719238281e+00
4.982102870941162109e+00
5.119684219360351562e+00
4.951146602630615234e+00
4.974562168121337891e+00
4.935669898986816406e+00
4.909174919128417969e+00
4.923267364501953125e+00
4.930837631225585938e+00
4.938834190368652344e+00
4.891118049621582031e+00
4.912076950073242188e+00
5.195360183715820312e+00
5.801002502441406250e+00
6.026378154754638672e+00
5.968700408935546875e+00
5.826337814331054688e+00
5.892494678497314453e+00
6.410440444946289062e+00
6.088824748992919922e+00
2.081965684890747070e+00
-2.060476541519165039e-01
-5.562523603439331055e-01
1.038056910037994385e-01
1.717627495527267456e-01
3.499611280858516693e-03
-5.950912833213806152e-02
-1.107260659337043762e-01
-8.539216965436935425e-02
-1.398575901985168457e-01
-1.266758143901824951e-01
-1.321661323308944702e-01
-6.970573216676712036e-02
-1.295683532953262329e-01
-1.001290827989578247e-01
-1.008106097579002380e-01
-1.051603034138679504e-01
-9.186901897192001343e-02
-1.261745244264602661e-01
-1.212132200598716736e-01
-1.073129251599311829e-01
-8.041092008352279663e-02
-1.209742575883865356e-01
-1.465647965669631958e-01
3.855566978454589844e-01
1.047329783439636230e+00
1.089019298553466797e+00
1.012842774391174316e+00
1.079378008842468262e+00
1.048624634742736816e+00
1.020650029182434082e+00
9.811264276504516602e-01
1.580677986145019531e+00
2.242134094238281250e+00
2.238052368164062500e+00
1.971586823463439941e+00
2.937427997589111328e+00
4.022651672363281250e+00
4.147289276123046875e+00
4.855958938598632812e+00
5.054916858673095703e+00
4.984404563903808594e+00
4.941414833068847656e+00
4.919879913330078125e+00
4.877058029174804688e+00
4.921572208404541016e+00
5.259192943572998047e+00
4.993759155273437500e+00
2.209414958953857422e+00
3.535853326320648193e-02
-3.363431096076965332e-01
1.125485524535179138e-01
7.907788455486297607e-02
-6.546294689178466797e-02
-8.689166046679019928e-03
-1.156367510557174683e-01
4.198917001485824585e-02
-7.772862166166305542e-02
-2.743752487003803253e-02
-7.354813069105148315e-02
-7.266901433467864990e-02
-1.142816469073295593e-01
-1.193461269140243530e-01
-1.071753576397895813e-01
-7.787300646305084229e-02
-6.832174956798553467e-02
-7.470385730266571045e-02
-5.191630870103836060e-02
-6.777617335319519043e-02
-5.191241577267646790e-02
-7.353564351797103882e-02
-6.015723571181297302e-02
-6.938403099775314331e-02
-6.043643131852149963e-02
-7.358187437057495117e-02
-5.926075577735900879e-02
-5.903168767690658569e-02
-2.254517376422882080e-02
-6.227692589163780212e-02
-1.068385690450668335e-01
4.179999530315399170e-01
1.048663139343261719e+00
1.141132593154907227e+00
1.017151355743408203e+00
1.121400952339172363e+00
1.031369805335998535e+00
1.018512129783630371e+00
9.684846997261047363e-01
1.532323360443115234e+00
2.204240560531616211e+00
2.145369052886962891e+00
2.031226634979248047e+00
2.099504709243774414e+00
2.021350145339965820e+00
2.142547607421875000e+00
2.000371932983398438e+00
9.056754708290100098e-01
-3.453860282897949219e-01
-4.829864501953125000e-01
1.173280239105224609e+00
1.103909730911254883e+00
8.343201875686645508e-01
7.817926406860351562e-01
9.408810138702392578e-01
1.014942765235900879e+00
9.825671315193176270e-01
1.034857034683227539e+00
1.021555781364440918e+00
1.025783777236938477e+00
1.033159971237182617e+00
1.034067630767822266e+00
1.045685529708862305e+00
1.045642852783203125e+00
1.048665046691894531e+00
1.050912261009216309e+00
1.119695186614990234e+00
1.063235878944396973e+00
9.239707589149475098e-01
1.931332230567932129e+00
3.117257595062255859e+00
3.145474195480346680e+00
3.953023672103881836e+00
4.072403430938720703e+00
3.953445911407470703e+00
4.068333148956298828e+00
3.933483362197875977e+00
3.987575292587280273e+00
3.919712066650390625e+00
3.928117513656616211e+00
3.932439327239990234e+00
3.913922309875488281e+00
3.939709186553955078e+00
3.918035984039306641e+00
3.932713031768798828e+00
3.939360618591308594e+00
3.936502695083618164e+00
3.918727636337280273e+00
3.932167291641235352e+00
3.936882495880126953e+00
3.943062067031860352e+00
3.870168447494506836e+00
3.861001968383789062e+00
4.761864662170410156e+00
4.780177593231201172e+00
2.238615751266479492e+00
-2.218414843082427979e-01
-7.089943289756774902e-01
5.403304696083068848e-01
9.857016205787658691e-01
1.994133830070495605e+00
2.227232933044433594e+00
1.901714324951171875e+00
1.941629886627197266e+00
1.851028680801391602e+00
1.922986507415771484e+00
1.939693808555603027e+00
2.006997585296630859e+00
2.020326614379882812e+00
2.001276493072509766e+00
2.012343168258666992e+00
2.035612583160400391e+00
2.019940376281738281e+00
2.039582014083862305e+00
2.027961254119873047e+00
2.019480466842651367e+00
2.021510362625122070e+00
2.022919178009033203e+00
2.015949964523315430e+00
2.003533363342285156e+00
2.022771596908569336e+00
2.015953063964843750e+00
2.060643196105957031e+00
2.003909111022949219e+00
1.963417291641235352e+00
2.492349624633789062e+00
3.194418668746948242e+00
3.057862281799316406e+00
2.910122394561767578e+00
3.510829925537109375e+00
4.136287689208984375e+00
4.150322914123535156e+00
3.880101442337036133e+00
4.424940109252929688e+00
5.075357913970947266e+00
5.233129978179931641e+00
5.035974502563476562e+00
4.997625350952148438e+00
4.973568916320800781e+00
4.861754417419433594e+00
4.910839080810546875e+00
5.268130779266357422e+00
5.097649574279785156e+00
1.817638635635375977e+00
-1.703279912471771240e-01
-5.798864960670471191e-01
4.569497704505920410e-02
5.433303862810134888e-02
-9.139773994684219360e-02
-1.331385374069213867e-01
-2.000222951173782349e-01
-1.205435395240783691e-01
-1.666080802679061890e-01
-1.530922651290893555e-01
-1.629012972116470337e-01
-6.021158397197723389e-02
-9.211560338735580444e-02
-1.040633097290992737e-01
-1.546199768781661987e-01
3.944084048271179199e-01
1.105108857154846191e+00
1.135799765586853027e+00
9.663059115409851074e-01
1.447245359420776367e+00
2.064905405044555664e+00
2.117882728576660156e+00
2.061310052871704102e+00
2.031052589416503906e+00
1.997892618179321289e+00
2.922742366790771484e+00
4.034774780273437500e+00
4.463124752044677734e+00
4.029891967773437500e+00
4.005855083465576172e+00
3.950018405914306641e+00
3.927302360534667969e+00
3.934278249740600586e+00
3.933397769927978516e+00
3.961156368255615234e+00
3.927688598632812500e+00
3.898469686508178711e+00
4.301648139953613281e+00
5.037805557250976562e+00
5.225407123565673828e+00
5.005369186401367188e+00
5.092540740966796875e+00
4.972021102905273438e+00
4.956755161285400391e+00
5.033552646636962891e+00
5.230112552642822266e+00
4.881329536437988281e+00
2.047614574432373047e+00
-1.805615872144699097e-01
-4.238169491291046143e-01
8.143620938062667847e-02
6.659693270921707153e-02
-9.166201204061508179e-02
-1.298142969608306885e-01
-1.920982003211975098e-01
-1.634856462478637695e-01
-1.726013123989105225e-01
-1.730819940567016602e-01
-1.623910814523696899e-01
-6.242357939481735229e-02
-8.198113739490509033e-02
-9.572196006774902344e-02
-1.259381473064422607e-01
3.013395369052886963e-01
8.733310103416442871e-01
9.374982118606567383e-01
2.085824489593505859e+00
2.167178392410278320e+00
1.980345964431762695e+00
2.022223472595214844e+00
1.950022339820861816e+00
2.044645547866821289e+00
2.020310163497924805e+00
1.991256117820739746e+00
2.025347709655761719e+00
2.004034757614135742e+00
2.039716243743896484e+00
2.023096799850463867e+00
2.040608882904052734e+00
2.028683185577392578e+00
2.034670114517211914e+00
2.047119617462158203e+00
2.073753356933593750e+00
2.033214569091796875e+00
1.983943462371826172e+00
2.505675315856933594e+00
3.187443494796752930e+00
3.188410997390747070e+00
2.975578784942626953e+00
3.047749757766723633e+00
2.981409549713134766e+00
2.926276922225952148e+00
2.971564054489135742e+00
3.174607515335083008e+00
3.015818595886230469e+00
1.327665805816650391e+00
-1.688012480735778809e-01
-4.496740996837615967e-01
7.939760088920593262e-01
1.045662403106689453e+00
2.103012323379516602e+00
2.187628984451293945e+00
1.938031673431396484e+00
2.014468669891357422e+00
1.890844583511352539e+00
2.024065732955932617e+00
1.948294639587402344e+00
1.975274682044982910e+00
1.983797192573547363e+00
1.981971502304077148e+00
2.010405302047729492e+00
2.001522779464721680e+00
2.028501033782958984e+00
2.084328651428222656e+00
2.068143129348754883e+00
2.060188055038452148e+00
2.079954147338867188e+00
2.000662565231323242e+00
1.975375175476074219e+00
2.370452642440795898e+00
3.008769035339355469e+00
2.954493284225463867e+00
4.046844482421875000e+00
4.113992214202880859e+00
3.973042726516723633e+00
3.973260641098022461e+00
3.887211084365844727e+00
3.946792602539062500e+00
3.958991765975952148e+00
3.939642906188964844e+00
3.848074913024902344e+00
4.881772518157958984e+00
6.247456550598144531e+00
6.856097698211669922e+00
6.047410011291503906e+00
5.989649295806884766e+00
5.911008358001708984e+00
5.899992942810058594e+00
5.793422222137451172e+00
6.024367332458496094e+00
6.797008991241455078e+00
7.604989528656005859e+00
6.714562892913818359e+00
2.129014730453491211e+00
-2.284643426537513733e-02
-7.021007537841796875e-01
-1.482789218425750732e-01
5.760845169425010681e-02
-1.398068070411682129e-01
-1.736204326152801514e-01
-2.010686695575714111e-01
-1.600089073181152344e-01
-1.724202632904052734e-01
-1.555493921041488647e-01
-1.403929442167282104e-01
-1.483353674411773682e-01
-1.498421579599380493e-01
-1.453879922628402710e-01
-1.430609673261642456e-01
-1.565068662166595459e-01
-1.263539493083953857e-01
-1.111374795436859131e-01
-6.970102339982986450e-02
-1.467640250921249390e-01
-1.785659939050674438e-01
3.847186267375946045e-01
1.066449642181396484e+00
1.167111039161682129e+00
9.568266868591308594e-01
2.021431207656860352e+00
3.220746278762817383e+00
3.272583723068237305e+00
2.994501352310180664e+00
3.327116489410400391e+00
3.956499099731445312e+00
3.904878377914428711e+00
3.942469596862792969e+00
3.891308307647705078e+00
3.857229709625244141e+00
4.227188110351562500e+00
4.887296676635742188e+00
4.876262187957763672e+00
4.875968456268310547e+00
4.901529312133789062e+00
4.898080825805664062e+00
4.879412174224853516e+00
4.924087524414062500e+00
4.898794174194335938e+00
4.982707977294921875e+00
5.030925273895263672e+00
4.410026073455810547e+00
